-5.000000000000000000e-01 9.190401375228086181e+03
-4.000000000000000222e-01 1.915973379107894289e+03
-2.999999999999999889e-01 -3.614190694176591933e+03
-2.000000000000000111e-01 -7.497257236404624564e+03
-1.000000000000000056e-01 -9.798131769025518224e+03
0.000000000000000000e+00 -1.056311280810426797e+04
1.000000000000000056e-01 -9.798131769025518224e+03
2.000000000000000111e-01 -7.497257236404624564e+03
2.999999999999999889e-01 -3.614190694176591933e+03
4.000000000000000222e-01 1.915973379107894289e+03
5.000000000000000000e-01 9.190401375228086181e+03
