-5.000000000000000000e-01 2.483713040122808525e+04
-4.000000000000000222e-01 1.918714244110789514e+04
-2.999999999999999889e-01 1.530561562382340708e+04
-2.000000000000000111e-01 1.304860226559537477e+04
-1.000000000000000056e-01 1.221811213497448080e+04
0.000000000000000000e+00 1.220485806389573008e+04
1.000000000000000056e-01 1.221811213497448080e+04
2.000000000000000111e-01 1.304860226559537477e+04
2.999999999999999889e-01 1.530561562382340708e+04
4.000000000000000222e-01 1.918714244110789514e+04
5.000000000000000000e-01 2.483713040122808525e+04
