-4.000000000000000222e-01 -2.000000000000000111e-01 1.932159148369640388e+04
-1.399999999999999911e+00 2.000000000000000111e-01 1.889703961994280980e+05
-1.199999999999999956e+00 4.000000000000000222e-01 1.287017343218187161e+05
-8.000000000000000444e-01 -2.000000000000000111e-01 5.432989494510394434e+04
-1.000000000000000000e+00 5.999999999999999778e-01 8.481072711499250727e+04
-5.999999999999999778e-01 -5.999999999999999778e-01 3.354076701527494151e+04
4.000000000000000222e-01 -4.000000000000000222e-01 1.969976377747173683e+04
1.399999999999999911e+00 4.000000000000000222e-01 1.863284930883208290e+05
1.199999999999999956e+00 2.000000000000000111e-01 1.299767689378938958e+05
1.000000000000000000e+00 0.000000000000000000e+00 8.614631323688110569e+04
8.000000000000000444e-01 -4.000000000000000222e-01 5.470517456365209364e+04
1.399999999999999911e+00 -2.000000000000000111e-01 1.929240627814166655e+05
8.000000000000000444e-01 -5.999999999999999778e-01 5.519830918921256671e+04
1.000000000000000000e+00 2.000000000000000111e-01 8.568573503451725992e+04
1.199999999999999956e+00 0.000000000000000000e+00 1.310712861343828554e+05
1.399999999999999911e+00 5.999999999999999778e-01 1.833335683752532059e+05
-5.999999999999999778e-01 -4.000000000000000222e-01 3.296278109511912044e+04
4.000000000000000222e-01 -5.999999999999999778e-01 2.033597477268184957e+04
-1.000000000000000000e+00 4.000000000000000222e-01 8.523274033802725899e+04
-1.199999999999999956e+00 5.999999999999999778e-01 1.272950373321736115e+05
-1.399999999999999911e+00 0.000000000000000000e+00 1.911873747569300758e+05
5.999999999999999778e-01 -2.000000000000000111e-01 3.258773697282144713e+04
-4.000000000000000222e-01 -4.000000000000000222e-01 1.969976224114083016e+04
5.999999999999999778e-01 -5.999999999999999778e-01 3.354076701527494151e+04
-1.399999999999999911e+00 4.000000000000000222e-01 1.863284930883208290e+05
-1.199999999999999956e+00 2.000000000000000111e-01 1.299767689378938958e+05
-1.000000000000000000e+00 0.000000000000000000e+00 8.614631323688110569e+04
-8.000000000000000444e-01 -4.000000000000000222e-01 5.470517456365209364e+04
4.000000000000000222e-01 -2.000000000000000111e-01 1.932159148369640388e+04
1.399999999999999911e+00 2.000000000000000111e-01 1.889703961994280980e+05
1.199999999999999956e+00 4.000000000000000222e-01 1.287017343218187161e+05
8.000000000000000444e-01 -2.000000000000000111e-01 5.432989494510394434e+04
1.000000000000000000e+00 5.999999999999999778e-01 8.481072711499250727e+04
1.399999999999999911e+00 -5.999999999999999778e-01 1.948430786714064598e+05
1.399999999999999911e+00 -4.000000000000000222e-01 1.941445105528560816e+05
1.000000000000000000e+00 4.000000000000000222e-01 8.523274033802725899e+04
1.199999999999999956e+00 5.999999999999999778e-01 1.272950373321736115e+05
1.399999999999999911e+00 0.000000000000000000e+00 1.911873747569300758e+05
-5.999999999999999778e-01 -2.000000000000000111e-01 3.258773697282144713e+04
-8.000000000000000444e-01 -5.999999999999999778e-01 5.519830918921256671e+04
-1.000000000000000000e+00 2.000000000000000111e-01 8.568573503451725992e+04
-1.199999999999999956e+00 0.000000000000000000e+00 1.310712861343828554e+05
-1.399999999999999911e+00 5.999999999999999778e-01 1.833335683752532059e+05
-4.000000000000000222e-01 -5.999999999999999778e-01 2.033597477268184957e+04
5.999999999999999778e-01 -4.000000000000000222e-01 3.296278109511912044e+04
1.000000000000000000e+00 -5.999999999999999778e-01 8.738922906207496999e+04
0.000000000000000000e+00 -2.000000000000000111e-01 1.234145993282429117e+04
-5.999999999999999778e-01 0.000000000000000000e+00 3.240661885129498114e+04
4.000000000000000222e-01 4.000000000000000222e-01 1.966961323482260559e+04
-4.000000000000000222e-01 2.000000000000000111e-01 1.930116761638109892e+04
5.999999999999999778e-01 5.999999999999999778e-01 3.307916276915307390e+04
1.199999999999999956e+00 -2.000000000000000111e-01 1.319463844774346799e+05
-2.000000000000000111e-01 4.000000000000000222e-01 1.364544149282059152e+04
2.000000000000000111e-01 -5.999999999999999778e-01 1.421553598425149175e+04
0.000000000000000000e+00 0.000000000000000000e+00 1.220485806389573008e+04
2.000000000000000111e-01 2.000000000000000111e-01 1.320896423525803039e+04
2.000000000000000111e-01 0.000000000000000000e+00 1.304860226559537477e+04
0.000000000000000000e+00 2.000000000000000111e-01 1.234827615547672212e+04
2.000000000000000111e-01 -4.000000000000000222e-01 1.354430693871460971e+04
-2.000000000000000111e-01 5.999999999999999778e-01 1.437253823673694569e+04
5.999999999999999778e-01 4.000000000000000222e-01 3.264844518348882775e+04
-4.000000000000000222e-01 0.000000000000000000e+00 1.918714244110789514e+04
4.000000000000000222e-01 5.999999999999999778e-01 2.030476943510673300e+04
-5.999999999999999778e-01 2.000000000000000111e-01 3.242938341521724578e+04
-2.000000000000000111e-01 -2.000000000000000111e-01 1.316088525147906330e+04
1.000000000000000000e+00 -4.000000000000000222e-01 8.699557503001031000e+04
-2.000000000000000111e-01 -5.999999999999999778e-01 1.421553598425149175e+04
0.000000000000000000e+00 -4.000000000000000222e-01 1.275892761740804053e+04
-5.999999999999999778e-01 5.999999999999999778e-01 3.307916276915307390e+04
4.000000000000000222e-01 2.000000000000000111e-01 1.930116761638109892e+04
-4.000000000000000222e-01 4.000000000000000222e-01 1.966961323482260559e+04
1.199999999999999956e+00 -4.000000000000000222e-01 1.325869279012673069e+05
5.999999999999999778e-01 0.000000000000000000e+00 3.240661885129498114e+04
-2.000000000000000111e-01 2.000000000000000111e-01 1.320896423525803039e+04
0.000000000000000000e+00 5.999999999999999778e-01 1.349314938474196606e+04
2.000000000000000111e-01 4.000000000000000222e-01 1.364544149282059152e+04
2.000000000000000111e-01 5.999999999999999778e-01 1.437253823673694569e+04
0.000000000000000000e+00 4.000000000000000222e-01 1.277405534316868579e+04
2.000000000000000111e-01 -2.000000000000000111e-01 1.316088525147906330e+04
-2.000000000000000111e-01 0.000000000000000000e+00 1.304860226559537477e+04
5.999999999999999778e-01 2.000000000000000111e-01 3.242938341521724578e+04
1.199999999999999956e+00 -5.999999999999999778e-01 1.329960935201506363e+05
-4.000000000000000222e-01 5.999999999999999778e-01 2.030476943510673300e+04
4.000000000000000222e-01 0.000000000000000000e+00 1.918714244110789514e+04
-5.999999999999999778e-01 4.000000000000000222e-01 3.264844518348882775e+04
-2.000000000000000111e-01 -4.000000000000000222e-01 1.354430693871460971e+04
0.000000000000000000e+00 -5.999999999999999778e-01 1.346468704070289095e+04
1.000000000000000000e+00 -2.000000000000000111e-01 8.658382070822488458e+04
-8.000000000000000444e-01 5.999999999999999778e-01 5.401591238761044224e+04
8.000000000000000444e-01 0.000000000000000000e+00 5.406461511819340376e+04
-1.399999999999999911e+00 -4.000000000000000222e-01 1.941445105528560816e+05
-1.399999999999999911e+00 -5.999999999999999778e-01 1.948430786714064598e+05
8.000000000000000444e-01 2.000000000000000111e-01 5.391151819673442515e+04
-8.000000000000000444e-01 4.000000000000000222e-01 5.389095386566349771e+04
-8.000000000000000444e-01 0.000000000000000000e+00 5.406461511819340376e+04
8.000000000000000444e-01 5.999999999999999778e-01 5.401591238761044224e+04
-1.399999999999999911e+00 -2.000000000000000111e-01 1.929240627814166655e+05
8.000000000000000444e-01 4.000000000000000222e-01 5.389095386566349771e+04
-8.000000000000000444e-01 2.000000000000000111e-01 5.391151819673442515e+04
-1.000000000000000000e+00 -2.000000000000000111e-01 8.658382070822488458e+04
-1.199999999999999956e+00 -5.999999999999999778e-01 1.329960935201506363e+05
-1.199999999999999956e+00 -4.000000000000000222e-01 1.325869279012673069e+05
-1.000000000000000000e+00 -4.000000000000000222e-01 8.699557503001031000e+04
-1.199999999999999956e+00 -2.000000000000000111e-01 1.319463844774346799e+05
-1.000000000000000000e+00 -5.999999999999999778e-01 8.738922906207496999e+04
