1.800000000000000044e+00 8.000000000000000444e-01 1.486004860621745866e+04
1.600000000000000089e+00 5.999999999999999778e-01 1.430645838522754275e+04
1.399999999999999911e+00 4.000000000000000222e-01 1.382038974439286176e+04
1.199999999999999956e+00 2.000000000000000111e-01 1.339609661924610737e+04
1.000000000000000000e+00 0.000000000000000000e+00 1.303007465880630480e+04
1.000000000000000000e+00 1.800000000000000044e+00 1.342506792486465565e+04
1.000000000000000000e+00 2.000000000000000111e-01 1.303060425100456268e+04
1.199999999999999956e+00 0.000000000000000000e+00 1.339528105162428801e+04
1.399999999999999911e+00 5.999999999999999778e-01 1.380661749377416345e+04
1.600000000000000089e+00 4.000000000000000222e-01 1.432120532254205318e+04
2.000000000000000111e-01 1.800000000000000044e+00 1.276975034888046866e+04
1.199999999999999956e+00 1.800000000000000044e+00 1.375932532644905768e+04
0.000000000000000000e+00 1.800000000000000044e+00 1.277782350257363214e+04
1.600000000000000089e+00 0.000000000000000000e+00 1.433367257719189729e+04
1.399999999999999911e+00 2.000000000000000111e-01 1.382898678395512798e+04
1.199999999999999956e+00 4.000000000000000222e-01 1.338717739098493075e+04
1.000000000000000000e+00 5.999999999999999778e-01 1.300911505396912435e+04
1.000000000000000000e+00 4.000000000000000222e-01 1.302105359430982571e+04
1.199999999999999956e+00 5.999999999999999778e-01 1.337432364155979849e+04
1.399999999999999911e+00 0.000000000000000000e+00 1.383223522751417659e+04
1.600000000000000089e+00 2.000000000000000111e-01 1.432981179951212107e+04
8.000000000000000444e-01 1.800000000000000044e+00 1.315880660754279597e+04
4.000000000000000222e-01 1.800000000000000044e+00 1.283085032173268701e+04
8.000000000000000444e-01 8.000000000000000444e-01 1.270484841754302215e+04
4.000000000000000222e-01 4.000000000000000222e-01 1.232554209852560234e+04
1.600000000000000089e+00 1.800000000000000044e+00 1.463194382599693927e+04
5.999999999999999778e-01 5.999999999999999778e-01 1.247854596274023788e+04
0.000000000000000000e+00 0.000000000000000000e+00 1.220485806389573008e+04
2.000000000000000111e-01 2.000000000000000111e-01 1.223347535698559477e+04
2.000000000000000111e-01 0.000000000000000000e+00 1.223773601739938385e+04
0.000000000000000000e+00 2.000000000000000111e-01 1.219913636107594903e+04
5.999999999999999778e-01 4.000000000000000222e-01 1.249192052537266318e+04
4.000000000000000222e-01 5.999999999999999778e-01 1.231275572778875357e+04
4.000000000000000222e-01 2.000000000000000111e-01 1.233366243923282127e+04
5.999999999999999778e-01 0.000000000000000000e+00 1.250152627020825457e+04
0.000000000000000000e+00 5.999999999999999778e-01 1.218010001215473676e+04
2.000000000000000111e-01 4.000000000000000222e-01 1.222506289555614785e+04
2.000000000000000111e-01 5.999999999999999778e-01 1.221322904461532744e+04
0.000000000000000000e+00 4.000000000000000222e-01 1.219051122876255977e+04
5.999999999999999778e-01 1.800000000000000044e+00 1.296065506229669700e+04
5.999999999999999778e-01 2.000000000000000111e-01 1.249976301125539612e+04
4.000000000000000222e-01 0.000000000000000000e+00 1.233643396448949352e+04
1.800000000000000044e+00 1.800000000000000044e+00 1.517060450679003407e+04
1.399999999999999911e+00 1.800000000000000044e+00 1.416158166543562766e+04
0.000000000000000000e+00 8.000000000000000444e-01 1.218542380754091573e+04
5.999999999999999778e-01 1.399999999999999911e+00 1.263508402644025409e+04
1.600000000000000089e+00 1.000000000000000000e+00 1.429482886512425830e+04
4.000000000000000222e-01 1.000000000000000000e+00 1.233433973784675982e+04
8.000000000000000444e-01 0.000000000000000000e+00 1.273221602225221432e+04
1.800000000000000044e+00 1.399999999999999911e+00 1.493381336084155555e+04
8.000000000000000444e-01 1.000000000000000000e+00 1.271928150618007567e+04
1.399999999999999911e+00 1.399999999999999911e+00 1.389635626822414997e+04
1.399999999999999911e+00 1.600000000000000089e+00 1.400504118751558963e+04
8.000000000000000444e-01 1.199999999999999956e+00 1.276455582403892549e+04
1.800000000000000044e+00 1.600000000000000089e+00 1.502902429551024034e+04
8.000000000000000444e-01 2.000000000000000111e-01 1.273197108861889501e+04
4.000000000000000222e-01 1.199999999999999956e+00 1.239083908413207064e+04
1.600000000000000089e+00 1.199999999999999956e+00 1.432073937797838335e+04
5.999999999999999778e-01 1.600000000000000089e+00 1.277248851400141939e+04
2.000000000000000111e-01 8.000000000000000444e-01 1.221508382445666575e+04
5.999999999999999778e-01 1.199999999999999956e+00 1.254401545537942548e+04
5.999999999999999778e-01 8.000000000000000444e-01 1.247493845874018734e+04
1.600000000000000089e+00 1.600000000000000089e+00 1.448291618310343256e+04
8.000000000000000444e-01 5.999999999999999778e-01 1.271061445423722944e+04
4.000000000000000222e-01 1.600000000000000089e+00 1.263411987451363530e+04
1.800000000000000044e+00 1.199999999999999956e+00 1.487929213914078719e+04
8.000000000000000444e-01 1.600000000000000089e+00 1.297888659783756520e+04
1.399999999999999911e+00 1.199999999999999956e+00 1.383027619724246688e+04
1.399999999999999911e+00 1.000000000000000000e+00 1.379976132674278779e+04
8.000000000000000444e-01 1.399999999999999911e+00 1.284901096697890716e+04
1.800000000000000044e+00 1.000000000000000000e+00 1.485791904416354009e+04
4.000000000000000222e-01 1.399999999999999911e+00 1.248885863524684646e+04
8.000000000000000444e-01 4.000000000000000222e-01 1.272432393511045484e+04
4.000000000000000222e-01 8.000000000000000444e-01 1.231166011059470657e+04
1.600000000000000089e+00 1.399999999999999911e+00 1.438100293311771748e+04
5.999999999999999778e-01 1.000000000000000000e+00 1.249330826328893636e+04
1.000000000000000000e+00 1.199999999999999956e+00 1.305239171403594446e+04
1.000000000000000000e+00 8.000000000000000444e-01 1.300145517096869844e+04
0.000000000000000000e+00 1.600000000000000089e+00 1.256282201437932599e+04
1.199999999999999956e+00 1.600000000000000089e+00 1.359516447093803072e+04
1.800000000000000044e+00 0.000000000000000000e+00 1.490470444465691617e+04
2.000000000000000111e-01 1.199999999999999956e+00 1.230522665163891725e+04
2.000000000000000111e-01 1.000000000000000000e+00 1.224251529627272612e+04
1.800000000000000044e+00 2.000000000000000111e-01 1.489946909754731132e+04
1.199999999999999956e+00 1.399999999999999911e+00 1.347959441397497358e+04
0.000000000000000000e+00 1.399999999999999911e+00 1.240067242411628467e+04
1.199999999999999956e+00 8.000000000000000444e-01 1.336494680873145444e+04
1.000000000000000000e+00 1.000000000000000000e+00 1.301225266285458019e+04
1.000000000000000000e+00 1.399999999999999911e+00 1.313051545370276654e+04
0.000000000000000000e+00 1.000000000000000000e+00 1.221811213497448080e+04
1.600000000000000089e+00 8.000000000000000444e-01 1.429383332833737950e+04
1.199999999999999956e+00 1.000000000000000000e+00 1.337233871325975451e+04
1.800000000000000044e+00 5.999999999999999778e-01 1.487437546914868108e+04
2.000000000000000111e-01 1.399999999999999911e+00 1.241059530973846995e+04
2.000000000000000111e-01 1.600000000000000089e+00 1.256408904124469518e+04
1.800000000000000044e+00 4.000000000000000222e-01 1.489023009478228960e+04
1.199999999999999956e+00 1.199999999999999956e+00 1.340757755504459419e+04
0.000000000000000000e+00 1.199999999999999956e+00 1.228750956455935011e+04
1.399999999999999911e+00 8.000000000000000444e-01 1.379561413471984088e+04
1.000000000000000000e+00 1.600000000000000089e+00 1.325313130374233879e+04
