     0.00  -0.16   0.00  
     0.00  -0.18  -0.08  
    -0.00  -0.09  -0.16  
    -0.00   0.20  -0.08  
     0.00   0.20   0.08  
    -0.00  -0.09   0.16  
    -0.00  -0.18   0.08  
    -0.00  -0.16  -0.00  
     0.00  -0.08  -0.00  
     0.00   0.29  -0.00  
    -0.00   0.09   0.11  
    -0.00   0.09  -0.01  
    -0.00   0.09  -0.11  
     0.00   0.09   0.01  
     0.00  -0.05  -0.00  
     0.00  -0.18  -0.07  
    -0.00  -0.01  -0.02  
    -0.00   0.09  -0.08  
     0.00   0.25   0.00  
     0.00   0.09   0.08  
     0.00  -0.01   0.02  
    -0.00  -0.18   0.07  
     0.00  -0.05   0.00  
     0.00  -0.44  -0.00  
    -0.00  -0.44  -0.00  
