   -0.00   0.08   0.17  
   -0.00   0.00   0.03  
   -0.00  -0.03   0.00  
   -0.00   0.06  -0.20  
   -0.00  -0.06  -0.20  
   -0.00   0.03   0.00  
   -0.00  -0.00   0.03  
   -0.00  -0.08   0.17  
    0.00  -0.00   0.33  
   -0.00  -0.00  -0.27  
   -0.00   0.04   0.08  
    0.00   0.03  -0.13  
    0.00  -0.04   0.08  
    0.00  -0.03  -0.13  
    0.00   0.14   0.18  
    0.00   0.09  -0.12  
    0.00   0.06   0.14  
    0.00   0.18  -0.21  
   -0.00  -0.00  -0.28  
    0.00  -0.18  -0.21  
    0.00  -0.06   0.14  
    0.00  -0.09  -0.12  
    0.00  -0.14   0.18  
   -0.02  -0.00   0.30  
    0.02  -0.00   0.30  

