   0.00   0.08   0.01  
   0.00  -0.06  -0.01  
  -0.00  -0.02  -0.01  
  -0.00   0.02  -0.03  
  -0.00   0.02   0.03  
  -0.00  -0.02   0.01  
   0.00  -0.06   0.01  
   0.00   0.08  -0.01  
   0.00  -0.08   0.00  
   0.00  -0.16  -0.00  
   0.00   0.05  -0.15  
  -0.00   0.09   0.18  
  -0.00   0.05   0.15  
   0.00   0.09  -0.18  
   0.00  -0.31   0.00  
   0.00  -0.16   0.15  
  -0.00  -0.14  -0.20  
   0.00   0.35  -0.02  
   0.00   0.15  -0.00  
  -0.00   0.35   0.02  
   0.00  -0.14   0.20  
  -0.00  -0.16  -0.15  
  -0.00  -0.31  -0.00  
  -0.00  -0.26  -0.00  
   0.00  -0.26  -0.00  
