   -0.00  -0.13   0.02
    0.00  -0.06   0.17
    0.00   0.05   0.17
   -0.00   0.12   0.02
    0.00  -0.12   0.02
   -0.00  -0.05   0.17
   -0.00   0.06   0.17
    0.00   0.13   0.02
    0.00   0.00  -0.15
    0.00  -0.00  -0.15
   -0.00  -0.03  -0.13
   -0.00   0.02  -0.13
    0.00   0.03  -0.13
    0.00  -0.02  -0.13
   -0.00  -0.29   0.02
    0.00  -0.11   0.26
    0.00   0.10   0.26
   -0.00   0.27   0.02
    0.00  -0.00  -0.16
    0.00  -0.27   0.02
   -0.00  -0.10   0.26
   -0.00   0.11   0.26
    0.00   0.29   0.02
    0.00   0.00  -0.15
   -0.00   0.00  -0.15
