   -0.00   0.21  -0.03   
    0.00   0.26   0.01   
    0.00   0.26   0.01   
   -0.00   0.21   0.04   
   -0.00  -0.21   0.04   
    0.00  -0.26   0.01   
    0.00  -0.26   0.01   
   -0.00  -0.21  -0.03   
    0.00   0.00  -0.08   
    0.00  -0.00   0.07   
    0.00   0.13  -0.01   
    0.00   0.13  -0.01   
    0.00  -0.13  -0.01   
    0.00  -0.13  -0.01   
   -0.00   0.22  -0.03   
    0.00   0.24   0.05   
    0.00   0.24  -0.03   
   -0.00   0.24   0.04   
   -0.00  -0.00   0.07   
   -0.00  -0.24   0.04   
    0.00  -0.24  -0.03   
    0.00  -0.24   0.05   
   -0.00  -0.22  -0.03   
    0.01   0.00  -0.07   
   -0.01   0.00  -0.07   
