1.560000000000005826e-02  -1.200000000000089884e-03  0.000000000000000000e+00
1.740000000000030411e-02  6.700000000000039257e-03  0.000000000000000000e+00
5.199999999999871392e-03  1.139999999999996572e-02  0.000000000000000000e+00
-1.549999999999984723e-02  8.900000000000130029e-03  0.000000000000000000e+00
-1.569999999999982521e-02  -9.299999999999863931e-03  0.000000000000000000e+00
4.000000000000003553e-03  -1.340000000000007851e-02  0.000000000000000000e+00
1.549999999999984723e-02  -7.399999999999962164e-03  0.000000000000000000e+00
1.180000000000003268e-02  0.000000000000000000e+00  0.000000000000000000e+00
8.699999999999999400e-03  4.399999999999959499e-03  0.000000000000000000e+00
-2.440000000000000155e-02  -1.999999999999779732e-04  0.000000000000000000e+00
-3.500000000000058620e-03  -7.599999999999940137e-03  0.000000000000000000e+00
-1.039999999999996483e-02  1.499999999999945821e-03  0.000000000000000000e+00
-3.800000000000025580e-03  7.700000000000040146e-03  0.000000000000000000e+00
-9.600000000000052935e-03  -9.000000000000119016e-04  0.000000000000000000e+00
6.399999999999739231e-03  -1.100000000000100897e-03  0.000000000000000000e+00
1.780000000000026006e-02  5.000000000000115463e-03  0.000000000000000000e+00
-2.600000000000157740e-03  -1.700000000000034817e-03  0.000000000000000000e+00
-7.599999999999607070e-03  8.699999999999707967e-03  0.000000000000000000e+00
-2.249999999999999917e-02  -1.000000000002110312e-04  0.000000000000000000e+00
-7.000000000000117240e-03  -9.000000000000341061e-03  0.000000000000000000e+00
-3.199999999999647571e-03  -7.999999999999118927e-04  0.000000000000000000e+00
1.550000000000029132e-02  -6.499999999999950262e-03  0.000000000000000000e+00
2.000000000000223821e-03  -1.999999999999779732e-04  0.000000000000000000e+00
3.200000000000000067e-02  9.999999999998898659e-04  -1.099999999999989875e-03
3.200000000000000067e-02  9.999999999998898659e-04  1.099999999999989875e-03
