   -0.000000    2.492655    1.360431
   -0.000000    3.701508    0.671989
   -0.000000    3.683861   -0.713830
   -0.000000    2.463156   -1.407538
   -0.000000   -2.463156   -1.407538
   -0.000000   -3.683861   -0.713830
   -0.000000   -3.701508    0.671989
   -0.000000   -2.492655    1.360431
   -0.000000    0.000000    1.453369
    0.000000   -0.000000   -1.429189
   -0.000000    1.262055    0.677065
   -0.000000    1.237471   -0.730804
   -0.000000   -1.262055    0.677065
   -0.000000   -1.237471   -0.730804
   -0.000000    2.488071    2.443647
   -0.000000    4.636753    1.211689
   -0.000000    4.609262   -1.272349
   -0.000000    2.467550   -2.490059
    0.000000   -0.000000   -2.510266
   -0.000000   -2.467550   -2.490059
   -0.000000   -4.609262   -1.272349
   -0.000000   -4.636753    1.211689
   -0.000000   -2.488071    2.443647
   -0.859585    0.000000    2.145787
    0.859585   -0.000000    2.145787
