0.000000000000000000e+00 1.500000000000000000e+00 1.298367509467138007e+04
-5.000000000000000000e-01 0.000000000000000000e+00 1.224278810320984303e+04
-7.500000000000000000e-01 7.500000000000000000e-01 1.266648096533596981e+04
-2.500000000000000000e-01 -5.000000000000000000e-01 1.222910912928281141e+04
-7.500000000000000000e-01 1.500000000000000000e+00 1.250072255421425507e+04
7.500000000000000000e-01 -1.250000000000000000e+00 1.318201758282124138e+04
1.000000000000000000e+00 -1.000000000000000000e+00 1.317629785525197258e+04
5.000000000000000000e-01 -1.000000000000000000e+00 1.276902081531520344e+04
-1.000000000000000000e+00 -1.500000000000000000e+00 1.230594455304863914e+04
0.000000000000000000e+00 1.000000000000000000e+00 1.241566056401042260e+04
1.500000000000000000e+00 7.500000000000000000e-01 1.352852188654197380e+04
-1.250000000000000000e+00 -7.500000000000000000e-01 1.224857894052108895e+04
-1.250000000000000000e+00 -2.500000000000000000e-01 1.239245222244922661e+04
-1.000000000000000000e+00 -2.500000000000000000e-01 1.230325269707757798e+04
1.250000000000000000e+00 -1.500000000000000000e+00 1.400725744204290277e+04
-5.000000000000000000e-01 -5.000000000000000000e-01 1.220605705363103152e+04
-5.000000000000000000e-01 -1.250000000000000000e+00 1.237392439618787830e+04
5.000000000000000000e-01 2.500000000000000000e-01 1.223370185477282212e+04
7.500000000000000000e-01 0.000000000000000000e+00 1.236113166070503576e+04
-1.500000000000000000e+00 -5.000000000000000000e-01 1.239516141690498625e+04
1.250000000000000000e+00 1.250000000000000000e+00 1.224800040548064135e+04
2.500000000000000000e-01 -1.250000000000000000e+00 1.277531183523990876e+04
0.000000000000000000e+00 5.000000000000000000e-01 1.225104671292494277e+04
0.000000000000000000e+00 -7.500000000000000000e-01 1.236174026377206974e+04
1.000000000000000000e+00 7.500000000000000000e-01 1.224867989884232156e+04
5.000000000000000000e-01 7.500000000000000000e-01 1.222738713159247527e+04
-1.250000000000000000e+00 1.000000000000000000e+00 1.327792929986227864e+04
1.500000000000000000e+00 -1.000000000000000000e+00 1.231750713340820039e+04
1.500000000000000000e+00 -1.500000000000000000e+00 1.224141199747406245e+04
-2.500000000000000000e-01 0.000000000000000000e+00 1.221036994899614365e+04
1.000000000000000000e+00 5.000000000000000000e-01 1.229230749877601556e+04
1.500000000000000000e+00 5.000000000000000000e-01 1.326494671883706724e+04
-1.250000000000000000e+00 2.500000000000000000e-01 1.265620362824054610e+04
-2.500000000000000000e-01 1.250000000000000000e+00 1.268666231323797547e+04
-7.500000000000000000e-01 -1.000000000000000000e+00 1.223796251518661120e+04
-1.500000000000000000e+00 1.250000000000000000e+00 1.383200675445148772e+04
-7.500000000000000000e-01 2.500000000000000000e-01 1.239438469630071631e+04
1.250000000000000000e+00 -5.000000000000000000e-01 1.295369266955948842e+04
5.000000000000000000e-01 -2.500000000000000000e-01 1.235897883434003415e+04
-5.000000000000000000e-01 1.250000000000000000e+00 1.285870186793203720e+04
-1.250000000000000000e+00 -1.250000000000000000e+00 1.222403224285531542e+04
1.250000000000000000e+00 5.000000000000000000e-01 1.237250724868680663e+04
-1.500000000000000000e+00 5.000000000000000000e-01 1.303481311541158539e+04
7.500000000000000000e-01 -1.000000000000000000e+00 1.295878228552887231e+04
2.500000000000000000e-01 -1.000000000000000000e+00 1.260705273052317534e+04
1.250000000000000000e+00 1.000000000000000000e+00 1.225974514975300190e+04
-1.500000000000000000e+00 -7.500000000000000000e-01 1.231031802341148432e+04
7.500000000000000000e-01 2.500000000000000000e-01 1.228571843235259985e+04
5.000000000000000000e-01 -1.250000000000000000e+00 1.296477899003351013e+04
5.000000000000000000e-01 0.000000000000000000e+00 1.228149969159321699e+04
-1.500000000000000000e+00 -2.500000000000000000e-01 1.250995738695607361e+04
-7.500000000000000000e-01 -2.500000000000000000e-01 1.224229516325644363e+04
-1.000000000000000000e+00 7.500000000000000000e-01 1.283922547245053647e+04
-5.000000000000000000e-01 -7.500000000000000000e-01 1.223234440438036472e+04
1.250000000000000000e+00 1.500000000000000000e+00 1.434427539512032126e+04
-2.500000000000000000e-01 -2.500000000000000000e-01 1.220485806389573008e+04
1.000000000000000000e+00 -1.250000000000000000e+00 1.342699337552836369e+04
-1.250000000000000000e+00 -5.000000000000000000e-01 1.230556661779203750e+04
0.000000000000000000e+00 1.250000000000000000e+00 1.254300214116329153e+04
-1.000000000000000000e+00 1.500000000000000000e+00 1.239553145108469289e+04
-7.500000000000000000e-01 -1.500000000000000000e+00 1.238354989372818818e+04
-1.000000000000000000e+00 5.000000000000000000e-01 1.266010325293787173e+04
1.250000000000000000e+00 -2.500000000000000000e-01 1.276404027821623094e+04
-2.500000000000000000e-01 -7.500000000000000000e-01 1.228306015598953854e+04
-5.000000000000000000e-01 2.500000000000000000e-01 1.230593577408262718e+04
0.000000000000000000e+00 -1.500000000000000000e+00 1.278391633693451331e+04
2.500000000000000000e-01 -2.500000000000000000e-01 1.227965039860875549e+04
-1.500000000000000000e+00 -1.250000000000000000e+00 1.223021133074503086e+04
-5.000000000000000000e-01 1.000000000000000000e+00 1.267533391227026186e+04
-1.000000000000000000e+00 -1.000000000000000000e+00 1.221564370415379017e+04
1.250000000000000000e+00 -7.500000000000000000e-01 1.317286527250466315e+04
-7.500000000000000000e-01 0.000000000000000000e+00 1.230337560287622364e+04
7.500000000000000000e-01 7.500000000000000000e-01 1.222403158441352753e+04
2.500000000000000000e-01 7.500000000000000000e-01 1.225881062690841100e+04
-1.500000000000000000e+00 1.000000000000000000e+00 1.353588525937459235e+04
-2.500000000000000000e-01 -1.250000000000000000e+00 1.247984283813496404e+04
-2.500000000000000000e-01 1.000000000000000000e+00 1.253133728564882222e+04
-1.250000000000000000e+00 0.000000000000000000e+00 1.250930642529007491e+04
2.500000000000000000e-01 5.000000000000000000e-01 1.221930475996378846e+04
-2.500000000000000000e-01 2.500000000000000000e-01 1.224570601802357305e+04
1.500000000000000000e+00 1.500000000000000000e+00 1.224800238075610287e+04
-1.250000000000000000e+00 1.250000000000000000e+00 1.354577741855335262e+04
0.000000000000000000e+00 -5.000000000000000000e-01 1.228016989498237490e+04
1.000000000000000000e+00 1.250000000000000000e+00 1.225078290447602012e+04
5.000000000000000000e-01 1.250000000000000000e+00 1.234054274846439876e+04
1.500000000000000000e+00 -5.000000000000000000e-01 1.251307217047500126e+04
-2.500000000000000000e-01 5.000000000000000000e-01 1.231093277177718301e+04
1.000000000000000000e+00 0.000000000000000000e+00 1.246862746661353412e+04
2.500000000000000000e-01 2.500000000000000000e-01 1.220965204758642176e+04
1.500000000000000000e+00 0.000000000000000000e+00 1.282867993741070859e+04
-7.500000000000000000e-01 -5.000000000000000000e-01 1.221107555983348720e+04
-2.500000000000000000e-01 7.500000000000000000e-01 1.240611912525120715e+04
-2.500000000000000000e-01 -1.500000000000000000e+00 1.262258165585150527e+04
-1.500000000000000000e+00 7.500000000000000000e-01 1.327018031014348890e+04
1.250000000000000000e+00 -1.000000000000000000e+00 1.342153196957608998e+04
2.500000000000000000e-01 1.000000000000000000e+00 1.232823636871668350e+04
7.500000000000000000e-01 1.000000000000000000e+00 1.223787955379186315e+04
-5.000000000000000000e-01 7.500000000000000000e-01 1.252213515462588839e+04
-1.000000000000000000e+00 -7.500000000000000000e-01 1.221504366060544271e+04
-1.500000000000000000e+00 -1.500000000000000000e+00 1.223481832205793398e+04
-1.250000000000000000e+00 1.500000000000000000e+00 1.231831216623587352e+04
0.000000000000000000e+00 -1.250000000000000000e+00 1.261365320965480532e+04
-5.000000000000000000e-01 5.000000000000000000e-01 1.239902746199431203e+04
-2.500000000000000000e-01 -1.000000000000000000e+00 1.236665473901643600e+04
-7.500000000000000000e-01 1.250000000000000000e+00 1.305918950081733237e+04
-1.000000000000000000e+00 2.500000000000000000e-01 1.251111906602967792e+04
-7.500000000000000000e-01 -1.250000000000000000e+00 1.229594682660583385e+04
7.500000000000000000e-01 1.500000000000000000e+00 1.371689298517202042e+04
1.000000000000000000e+00 -5.000000000000000000e-01 1.276338558547158755e+04
5.000000000000000000e-01 -5.000000000000000000e-01 1.246608726758412922e+04
7.500000000000000000e-01 -2.500000000000000000e-01 1.246618603115762198e+04
1.500000000000000000e+00 1.250000000000000000e+00 1.414694292910240983e+04
1.000000000000000000e+00 -1.500000000000000000e+00 1.370715028821212400e+04
-1.000000000000000000e+00 1.000000000000000000e+00 1.304856210174414991e+04
-5.000000000000000000e-01 -1.000000000000000000e+00 1.228831876741022643e+04
-5.000000000000000000e-01 1.500000000000000000e+00 1.263383806913822627e+04
5.000000000000000000e-01 -1.500000000000000000e+00 1.319002621096575058e+04
-1.500000000000000000e+00 -1.000000000000000000e+00 1.225535675512547823e+04
7.500000000000000000e-01 5.000000000000000000e-01 1.223999901999619215e+04
2.500000000000000000e-01 -7.500000000000000000e-01 1.246832985905938040e+04
7.500000000000000000e-01 -7.500000000000000000e-01 1.276504613030002656e+04
1.250000000000000000e+00 7.500000000000000000e-01 1.230126711038564827e+04
2.500000000000000000e-01 1.500000000000000000e+00 1.320032132549043126e+04
-1.500000000000000000e+00 2.500000000000000000e-01 1.282970554219922269e+04
0.000000000000000000e+00 0.000000000000000000e+00 1.220605705363103152e+04
1.250000000000000000e+00 2.500000000000000000e-01 1.247341201289642595e+04
-1.250000000000000000e+00 -1.500000000000000000e+00 1.225634856085866340e+04
-1.500000000000000000e+00 1.500000000000000000e+00 1.226911737358863320e+04
-1.000000000000000000e+00 -5.000000000000000000e-01 1.224422500341563318e+04
7.500000000000000000e-01 1.250000000000000000e+00 1.228160833151906991e+04
2.500000000000000000e-01 1.250000000000000000e+00 1.242765155879967824e+04
-7.500000000000000000e-01 5.000000000000000000e-01 1.251539552859726064e+04
-2.500000000000000000e-01 1.500000000000000000e+00 1.279483519828813587e+04
0.000000000000000000e+00 -2.500000000000000000e-01 1.222825712888841008e+04
-7.500000000000000000e-01 -7.500000000000000000e-01 1.220965204758642176e+04
-1.250000000000000000e+00 5.000000000000000000e-01 1.283322064739672351e+04
1.500000000000000000e+00 2.500000000000000000e-01 1.303169196712171288e+04
2.500000000000000000e-01 0.000000000000000000e+00 1.222978796422765481e+04
1.000000000000000000e+00 2.500000000000000000e-01 1.236564098583079067e+04
1.500000000000000000e+00 -1.250000000000000000e+00 1.226455932511791980e+04
-1.250000000000000000e+00 7.500000000000000000e-01 1.304043583518559353e+04
1.500000000000000000e+00 -7.500000000000000000e-01 1.240032148422445971e+04
0.000000000000000000e+00 -1.000000000000000000e+00 1.247291578080893851e+04
5.000000000000000000e-01 1.000000000000000000e+00 1.226899775994902666e+04
1.000000000000000000e+00 1.000000000000000000e+00 1.223481722469653869e+04
1.250000000000000000e+00 0.000000000000000000e+00 1.260393575225650420e+04
0.000000000000000000e+00 2.500000000000000000e-01 1.221363243893075560e+04
-1.500000000000000000e+00 0.000000000000000000e+00 1.265477989652120050e+04
2.500000000000000000e-01 -1.500000000000000000e+00 1.297307688571071776e+04
7.500000000000000000e-01 -5.000000000000000000e-01 1.260083677091632126e+04
2.500000000000000000e-01 -5.000000000000000000e-01 1.235918162887161816e+04
5.000000000000000000e-01 1.500000000000000000e+00 1.344473877483133401e+04
5.000000000000000000e-01 5.000000000000000000e-01 1.221564348468151002e+04
-5.000000000000000000e-01 -2.500000000000000000e-01 1.220951772912946581e+04
1.500000000000000000e+00 -2.500000000000000000e-01 1.265583271617172431e+04
-5.000000000000000000e-01 -1.500000000000000000e+00 1.248911168945429381e+04
-1.000000000000000000e+00 1.250000000000000000e+00 1.328819281005442099e+04
1.250000000000000000e+00 -1.250000000000000000e+00 1.369966971593496783e+04
1.000000000000000000e+00 1.500000000000000000e+00 1.401674993795992850e+04
1.500000000000000000e+00 1.000000000000000000e+00 1.382249494477430017e+04
-1.250000000000000000e+00 -1.000000000000000000e+00 1.222142203142037761e+04
5.000000000000000000e-01 -7.500000000000000000e-01 1.260278043795384292e+04
-1.000000000000000000e+00 -1.250000000000000000e+00 1.224596368119878207e+04
1.000000000000000000e+00 -7.500000000000000000e-01 1.295508677222175538e+04
0.000000000000000000e+00 7.500000000000000000e-01 1.231836637646265990e+04
7.500000000000000000e-01 -1.500000000000000000e+00 1.343472919676070705e+04
1.000000000000000000e+00 -2.500000000000000000e-01 1.260122172936070456e+04
-1.000000000000000000e+00 0.000000000000000000e+00 1.239219368135995137e+04
-7.500000000000000000e-01 1.000000000000000000e+00 1.284771935894382841e+04
