-5.000000000000000000e-01 -1.584830684471645691e+04
-4.000000000000000222e-01 -1.835237529513748814e+04
-2.999999999999999889e-01 -2.028967925018586175e+04
-2.000000000000000111e-01 -2.166748353372661586e+04
-1.000000000000000056e-01 -2.249084154361235414e+04
0.000000000000000000e+00 -2.276474699022002096e+04
1.000000000000000056e-01 -2.249084154361235414e+04
2.000000000000000111e-01 -2.166748353372661586e+04
2.999999999999999889e-01 -2.028967925018586175e+04
4.000000000000000222e-01 -1.835237529513748814e+04
5.000000000000000000e-01 -1.584830684471645691e+04
