-5.000000000000000000e-01 6.713181083283541739e+03
-4.000000000000000222e-01 4.281704292862511466e+03
-2.999999999999999889e-01 2.401667091814135802e+03
-2.000000000000000111e-01 1.064998082273384853e+03
-1.000000000000000056e-01 2.658372923876460732e+02
0.000000000000000000e+00 -2.414220020023094635e-03
1.000000000000000056e-01 2.658372923876460732e+02
2.000000000000000111e-01 1.064998082273384853e+03
2.999999999999999889e-01 2.401667091814135802e+03
4.000000000000000222e-01 4.281704292862511466e+03
5.000000000000000000e-01 6.713181083283541739e+03
