2.500000000000000000e-01 -1.500000000000000000e+00 1.231671724431748407e+04
-2.500000000000000000e-01 2.500000000000000000e-01 1.219066376361828043e+04
-5.000000000000000000e-01 1.000000000000000000e+00 1.220570962534557293e+04
0.000000000000000000e+00 -2.500000000000000000e-01 1.220191073949720158e+04
-5.000000000000000000e-01 -1.500000000000000000e+00 1.221433761082354067e+04
1.000000000000000000e+00 -1.000000000000000000e+00 1.238222514502966442e+04
1.250000000000000000e+00 -7.500000000000000000e-01 1.236744572546854579e+04
7.500000000000000000e-01 -7.500000000000000000e-01 1.221545298072230435e+04
-7.500000000000000000e-01 -1.250000000000000000e+00 1.222530014760980157e+04
2.500000000000000000e-01 1.250000000000000000e+00 1.215419981462247779e+04
-1.500000000000000000e+00 1.000000000000000000e+00 1.271780290581710869e+04
-1.000000000000000000e+00 -5.000000000000000000e-01 1.221400181466867252e+04
-1.000000000000000000e+00 0.000000000000000000e+00 1.218849074560400186e+04
-7.500000000000000000e-01 0.000000000000000000e+00 1.218749806198170154e+04
1.500000000000000000e+00 -1.250000000000000000e+00 1.291663613914767666e+04
-2.500000000000000000e-01 -2.500000000000000000e-01 1.220975388379677315e+04
-2.500000000000000000e-01 -1.000000000000000000e+00 1.219732679299815391e+04
7.500000000000000000e-01 5.000000000000000000e-01 1.219418786725407335e+04
1.000000000000000000e+00 2.500000000000000000e-01 1.216556420939326381e+04
-1.250000000000000000e+00 -2.500000000000000000e-01 1.220054560747517462e+04
1.500000000000000000e+00 1.500000000000000000e+00 1.221213847533360058e+04
5.000000000000000000e-01 -1.000000000000000000e+00 1.222691394434379436e+04
2.500000000000000000e-01 7.500000000000000000e-01 1.218381681452242628e+04
2.500000000000000000e-01 -5.000000000000000000e-01 1.217942029932077639e+04
1.250000000000000000e+00 1.000000000000000000e+00 1.219774028313822055e+04
7.500000000000000000e-01 1.000000000000000000e+00 1.219510790477854425e+04
-1.000000000000000000e+00 1.250000000000000000e+00 1.251255530779368019e+04
-1.500000000000000000e+00 -7.500000000000000000e-01 1.222219436255411529e+04
-1.500000000000000000e+00 -1.250000000000000000e+00 1.224984355316643814e+04
0.000000000000000000e+00 2.500000000000000000e-01 1.219759235725025974e+04
1.250000000000000000e+00 7.500000000000000000e-01 1.218387453633062796e+04
-1.500000000000000000e+00 7.500000000000000000e-01 1.254596482879600626e+04
-1.000000000000000000e+00 5.000000000000000000e-01 1.222692799071935588e+04
0.000000000000000000e+00 1.500000000000000000e+00 1.219140229564678884e+04
-5.000000000000000000e-01 -7.500000000000000000e-01 1.221580765169277583e+04
-1.250000000000000000e+00 1.500000000000000000e+00 1.291660234006739665e+04
-5.000000000000000000e-01 5.000000000000000000e-01 1.216959003199837025e+04
1.500000000000000000e+00 -2.500000000000000000e-01 1.225420714717692499e+04
7.500000000000000000e-01 0.000000000000000000e+00 1.216845468989765868e+04
-2.500000000000000000e-01 1.500000000000000000e+00 1.225415030325783846e+04
-1.000000000000000000e+00 -1.000000000000000000e+00 1.223499456016929798e+04
1.500000000000000000e+00 7.500000000000000000e-01 1.216494660788793954e+04
-1.250000000000000000e+00 7.500000000000000000e-01 1.239651908676972198e+04
1.000000000000000000e+00 -7.500000000000000000e-01 1.227547730855747432e+04
5.000000000000000000e-01 -7.500000000000000000e-01 1.218501185370680287e+04
1.500000000000000000e+00 1.250000000000000000e+00 1.220211463139018088e+04
-1.250000000000000000e+00 -5.000000000000000000e-01 1.220888191120042393e+04
1.000000000000000000e+00 5.000000000000000000e-01 1.218297556836950025e+04
7.500000000000000000e-01 -1.000000000000000000e+00 1.228748542235915011e+04
7.500000000000000000e-01 2.500000000000000000e-01 1.218380474342232628e+04
-1.250000000000000000e+00 0.000000000000000000e+00 1.220853601924587019e+04
-5.000000000000000000e-01 0.000000000000000000e+00 1.219669668142322007e+04
-7.500000000000000000e-01 1.000000000000000000e+00 1.227546611534649128e+04
-2.500000000000000000e-01 -5.000000000000000000e-01 1.220798162640562259e+04
1.500000000000000000e+00 -1.500000000000000000e+00 1.319444247887211895e+04
0.000000000000000000e+00 0.000000000000000000e+00 1.220485806389573008e+04
1.250000000000000000e+00 -1.000000000000000000e+00 1.251257791368792823e+04
-1.000000000000000000e+00 -2.500000000000000000e-01 1.219731779453491072e+04
2.500000000000000000e-01 1.500000000000000000e+00 1.215871111502369422e+04
-7.500000000000000000e-01 -1.500000000000000000e+00 1.222220687259877377e+04
-5.000000000000000000e-01 -1.250000000000000000e+00 1.220889288493912863e+04
-7.500000000000000000e-01 7.500000000000000000e-01 1.221545298072230435e+04
1.500000000000000000e+00 0.000000000000000000e+00 1.219143741158569355e+04
0.000000000000000000e+00 -5.000000000000000000e-01 1.219670194880781673e+04
-2.500000000000000000e-01 5.000000000000000000e-01 1.217307441075244787e+04
2.500000000000000000e-01 -1.250000000000000000e+00 1.224010919625294810e+04
5.000000000000000000e-01 0.000000000000000000e+00 1.218636601199012512e+04
-1.250000000000000000e+00 -1.000000000000000000e+00 1.223673038478786657e+04
-2.500000000000000000e-01 1.250000000000000000e+00 1.219769419346060931e+04
-7.500000000000000000e-01 -7.500000000000000000e-01 1.222481840086738703e+04
1.500000000000000000e+00 -5.000000000000000000e-01 1.235666425520873781e+04
-5.000000000000000000e-01 2.500000000000000000e-01 1.217941832404531306e+04
1.000000000000000000e+00 1.000000000000000000e+00 1.220275681406521471e+04
5.000000000000000000e-01 1.000000000000000000e+00 1.218299422371282344e+04
-1.250000000000000000e+00 1.250000000000000000e+00 1.270077233526205237e+04
0.000000000000000000e+00 -1.000000000000000000e+00 1.218849030663449412e+04
0.000000000000000000e+00 1.250000000000000000e+00 1.216270489432675276e+04
-1.000000000000000000e+00 2.500000000000000000e-01 1.219508112888604410e+04
5.000000000000000000e-01 7.500000000000000000e-01 1.219419576835592125e+04
0.000000000000000000e+00 5.000000000000000000e-01 1.218637171834423134e+04
-1.500000000000000000e+00 -1.500000000000000000e+00 1.226065443303599568e+04
-1.000000000000000000e+00 1.500000000000000000e+00 1.268550041469209100e+04
2.500000000000000000e-01 -2.500000000000000000e-01 1.219066376361828043e+04
1.250000000000000000e+00 1.500000000000000000e+00 1.220213350620578240e+04
7.500000000000000000e-01 1.500000000000000000e+00 1.216497250589132273e+04
-1.500000000000000000e+00 -2.500000000000000000e-01 1.222290326550059581e+04
0.000000000000000000e+00 7.500000000000000000e-01 1.216846215202999701e+04
1.250000000000000000e+00 2.500000000000000000e-01 1.215419432774064990e+04
5.000000000000000000e-01 5.000000000000000000e-01 1.220031889021566894e+04
-1.500000000000000000e+00 2.500000000000000000e-01 1.231677891667660879e+04
-5.000000000000000000e-01 -2.500000000000000000e-01 1.220797789532697789e+04
0.000000000000000000e+00 1.000000000000000000e+00 1.215760737725552099e+04
0.000000000000000000e+00 -1.250000000000000000e+00 1.220851911968077729e+04
-1.250000000000000000e+00 1.000000000000000000e+00 1.252734921269987171e+04
1.500000000000000000e+00 -7.500000000000000000e-01 1.249957667731939364e+04
5.000000000000000000e-01 1.250000000000000000e+00 1.216441547935877679e+04
1.000000000000000000e+00 1.250000000000000000e+00 1.219775520740289903e+04
-2.500000000000000000e-01 1.000000000000000000e+00 1.216841737921101230e+04
-7.500000000000000000e-01 -5.000000000000000000e-01 1.221580150639410931e+04
-1.250000000000000000e+00 -1.250000000000000000e+00 1.224693858736687616e+04
-1.000000000000000000e+00 -1.500000000000000000e+00 1.223834110886005146e+04
2.500000000000000000e-01 -1.000000000000000000e+00 1.219506817987187605e+04
-2.500000000000000000e-01 7.500000000000000000e-01 1.216273605971473444e+04
0.000000000000000000e+00 -7.500000000000000000e-01 1.218750398778313684e+04
-5.000000000000000000e-01 1.500000000000000000e+00 1.235659841282640991e+04
-7.500000000000000000e-01 5.000000000000000000e-01 1.218501470687138135e+04
-5.000000000000000000e-01 -1.000000000000000000e+00 1.221401608051651419e+04
1.000000000000000000e+00 -1.500000000000000000e+00 1.271774496451167579e+04
1.250000000000000000e+00 -2.500000000000000000e-01 1.219771855515804054e+04
7.500000000000000000e-01 -2.500000000000000000e-01 1.216273518180066822e+04
1.000000000000000000e+00 0.000000000000000000e+00 1.215760452409094250e+04
-1.500000000000000000e+00 1.500000000000000000e+00 1.319444247887211895e+04
1.250000000000000000e+00 -1.250000000000000000e+00 1.270077233526205237e+04
-7.500000000000000000e-01 1.250000000000000000e+00 1.236740929269596745e+04
-2.500000000000000000e-01 -7.500000000000000000e-01 1.220448473760688830e+04
-2.500000000000000000e-01 -1.500000000000000000e+00 1.222287758696949095e+04
7.500000000000000000e-01 -1.250000000000000000e+00 1.239648528768944198e+04
-1.250000000000000000e+00 -7.500000000000000000e-01 1.222528237015559534e+04
1.000000000000000000e+00 7.500000000000000000e-01 1.219509671159251047e+04
5.000000000000000000e-01 -5.000000000000000000e-01 1.216959003199837025e+04
1.000000000000000000e+00 -5.000000000000000000e-01 1.220572235486250975e+04
1.500000000000000000e+00 1.000000000000000000e+00 1.218649725781022426e+04
5.000000000000000000e-01 -1.500000000000000000e+00 1.241249354554017009e+04
-1.250000000000000000e+00 5.000000000000000000e-01 1.230126645196881145e+04
2.500000000000000000e-01 2.500000000000000000e-01 1.220171430971160953e+04
1.500000000000000000e+00 5.000000000000000000e-01 1.215250020330420921e+04
-1.000000000000000000e+00 -1.250000000000000000e+00 1.223674026114022672e+04
-1.250000000000000000e+00 -1.500000000000000000e+00 1.224985474637742300e+04
-7.500000000000000000e-01 -2.500000000000000000e-01 1.220447464175729874e+04
1.000000000000000000e+00 1.500000000000000000e+00 1.218653061794594760e+04
5.000000000000000000e-01 1.500000000000000000e+00 1.215250898229517225e+04
-5.000000000000000000e-01 7.500000000000000000e-01 1.217585252022739405e+04
0.000000000000000000e+00 -1.500000000000000000e+00 1.225504312592029964e+04
2.500000000000000000e-01 0.000000000000000000e+00 1.219759082094430596e+04
-5.000000000000000000e-01 -5.000000000000000000e-01 1.221640615891021844e+04
-1.000000000000000000e+00 7.500000000000000000e-01 1.228749683501746222e+04
-1.500000000000000000e+00 5.000000000000000000e-01 1.241256311900114270e+04
5.000000000000000000e-01 2.500000000000000000e-01 1.219501792019601453e+04
1.250000000000000000e+00 5.000000000000000000e-01 1.216439616557366571e+04
-1.500000000000000000e+00 -1.000000000000000000e+00 1.223832025876898660e+04
-1.000000000000000000e+00 1.000000000000000000e+00 1.238222514502966442e+04
-1.500000000000000000e+00 -5.000000000000000000e-01 1.221434243926358067e+04
2.500000000000000000e-01 -7.500000000000000000e-01 1.217817390307419009e+04
7.500000000000000000e-01 1.250000000000000000e+00 1.218390043433401115e+04
1.250000000000000000e+00 1.250000000000000000e+00 1.220658115897241078e+04
1.500000000000000000e+00 2.500000000000000000e-01 1.215872450298242074e+04
2.500000000000000000e-01 5.000000000000000000e-01 1.219502252916377620e+04
-1.250000000000000000e+00 2.500000000000000000e-01 1.224013860583774658e+04
5.000000000000000000e-01 -1.250000000000000000e+00 1.230123089706039718e+04
1.000000000000000000e+00 -2.500000000000000000e-01 1.216842440239879215e+04
5.000000000000000000e-01 -2.500000000000000000e-01 1.217307199653242787e+04
7.500000000000000000e-01 -1.500000000000000000e+00 1.254589679166593669e+04
7.500000000000000000e-01 7.500000000000000000e-01 1.220066785483203057e+04
-2.500000000000000000e-01 0.000000000000000000e+00 1.220190942263857687e+04
-1.500000000000000000e+00 0.000000000000000000e+00 1.225508899612563255e+04
-2.500000000000000000e-01 -1.250000000000000000e+00 1.220054341272743295e+04
-7.500000000000000000e-01 1.500000000000000000e+00 1.249951061546478559e+04
1.500000000000000000e+00 -1.000000000000000000e+00 1.268555594177750390e+04
1.250000000000000000e+00 -1.500000000000000000e+00 1.293407624929187477e+04
-1.500000000000000000e+00 1.250000000000000000e+00 1.293411070681394449e+04
-1.000000000000000000e+00 -7.500000000000000000e-01 1.222538442586317433e+04
7.500000000000000000e-01 -5.000000000000000000e-01 1.217585515391969238e+04
-7.500000000000000000e-01 -1.000000000000000000e+00 1.222539254641235129e+04
1.250000000000000000e+00 -5.000000000000000000e-01 1.226520260515435075e+04
2.500000000000000000e-01 1.000000000000000000e+00 1.216557715840743185e+04
1.000000000000000000e+00 -1.250000000000000000e+00 1.252732616786106519e+04
1.250000000000000000e+00 0.000000000000000000e+00 1.216271542909594973e+04
-7.500000000000000000e-01 2.500000000000000000e-01 1.217817346412963343e+04
-5.000000000000000000e-01 1.250000000000000000e+00 1.226517012290774255e+04
