-2.500000000000000000e+00 2.500000000000000000e+00 1.219040083303352367e+04
-5.000000000000000000e+00 1.000000000000000000e+01 1.220526453084801506e+04
0.000000000000000000e+00 -2.500000000000000000e+00 1.220164100519694148e+04
1.000000000000000000e+01 -1.000000000000000000e+01 1.238154389586480102e+04
1.250000000000000000e+01 -7.500000000000000000e+00 1.236680003118714558e+04
7.500000000000000000e+00 -7.500000000000000000e+00 1.221491812113944980e+04
-7.500000000000000000e+00 -1.250000000000000000e+01 1.222470910249974622e+04
2.500000000000000000e+00 1.250000000000000000e+01 1.246862746661353412e+04
-1.000000000000000000e+01 -5.000000000000000000e+00 1.221352094581537312e+04
-1.000000000000000000e+01 0.000000000000000000e+00 1.218794732647750971e+04
-7.500000000000000000e+00 0.000000000000000000e+00 1.218706745280426549e+04
-2.500000000000000000e+00 -2.500000000000000000e+00 1.220946110468265942e+04
-2.500000000000000000e+00 -1.000000000000000000e+01 1.219680400449044646e+04
7.500000000000000000e+00 5.000000000000000000e+00 1.219415867714155320e+04
1.000000000000000000e+01 2.500000000000000000e+00 1.231836637646265990e+04
-1.250000000000000000e+01 -2.500000000000000000e+00 1.219992317750485745e+04
1.500000000000000000e+01 1.500000000000000000e+01 1.224800040548064135e+04
5.000000000000000000e+00 -1.000000000000000000e+01 1.222631587604595734e+04
2.500000000000000000e+00 7.500000000000000000e+00 1.218369544505468548e+04
2.500000000000000000e+00 -5.000000000000000000e+00 1.217905882465975446e+04
1.250000000000000000e+01 1.000000000000000000e+01 1.223787955379186315e+04
7.500000000000000000e+00 1.000000000000000000e+01 1.223999901999619215e+04
-1.000000000000000000e+01 1.250000000000000000e+01 1.251185562278272482e+04
0.000000000000000000e+00 2.500000000000000000e+00 1.219739987804054363e+04
1.250000000000000000e+01 7.500000000000000000e+00 1.226899775994902666e+04
-1.000000000000000000e+01 5.000000000000000000e+00 1.222630182969534690e+04
0.000000000000000000e+00 1.500000000000000000e+01 1.276404027821623094e+04
-5.000000000000000000e+00 -7.500000000000000000e+00 1.221537726198761811e+04
-5.000000000000000000e+00 5.000000000000000000e+00 1.216920112300306209e+04
7.500000000000000000e+00 0.000000000000000000e+00 1.216825606536432497e+04
-1.000000000000000000e+01 -1.000000000000000000e+01 1.223446694322155054e+04
1.500000000000000000e+01 7.500000000000000000e+00 1.234054274846439876e+04
-1.250000000000000000e+01 7.500000000000000000e+00 1.239572875875940008e+04
1.000000000000000000e+01 -7.500000000000000000e+00 1.227489657876928686e+04
5.000000000000000000e+00 -7.500000000000000000e+00 1.218451496322742969e+04
1.500000000000000000e+01 1.250000000000000000e+01 1.225078290447602012e+04
-1.250000000000000000e+01 -5.000000000000000000e+00 1.220830162035679496e+04
1.000000000000000000e+01 5.000000000000000000e+00 1.225881062690841100e+04
7.500000000000000000e+00 -1.000000000000000000e+01 1.228684982390238838e+04
7.500000000000000000e+00 2.500000000000000000e+00 1.218370751615478548e+04
-1.250000000000000000e+01 0.000000000000000000e+00 1.220725231231263751e+04
-5.000000000000000000e+00 0.000000000000000000e+00 1.219636198265469829e+04
-7.500000000000000000e+00 1.000000000000000000e+01 1.227490777198027172e+04
-2.500000000000000000e+00 -5.000000000000000000e+00 1.220763156440291459e+04
0.000000000000000000e+00 0.000000000000000000e+00 1.220464275931948760e+04
1.250000000000000000e+01 -1.000000000000000000e+01 1.251183301688847678e+04
-1.000000000000000000e+01 -2.500000000000000000e+00 1.219681300295368965e+04
2.500000000000000000e+00 1.500000000000000000e+01 1.260393575225650420e+04
-5.000000000000000000e+00 -1.250000000000000000e+01 1.220829042717076118e+04
-7.500000000000000000e+00 7.500000000000000000e+00 1.221491812113944980e+04
1.500000000000000000e+01 0.000000000000000000e+00 1.268666231323797547e+04
0.000000000000000000e+00 -5.000000000000000000e+00 1.219635649577287040e+04
-2.500000000000000000e+00 5.000000000000000000e+00 1.217278953271523096e+04
2.500000000000000000e+00 -1.250000000000000000e+01 1.223944901665142788e+04
5.000000000000000000e+00 0.000000000000000000e+00 1.218618604282506567e+04
-1.250000000000000000e+01 -1.000000000000000000e+01 1.223615953135203927e+04
-2.500000000000000000e+00 1.250000000000000000e+01 1.219733754723962920e+04
-7.500000000000000000e+00 -7.500000000000000000e+00 1.222436913634662596e+04
-5.000000000000000000e+00 2.500000000000000000e+00 1.217906101940749613e+04
1.000000000000000000e+01 1.000000000000000000e+01 1.222403158441352753e+04
5.000000000000000000e+00 1.000000000000000000e+01 1.228571843235259985e+04
-1.250000000000000000e+01 1.250000000000000000e+01 1.269993877073869589e+04
0.000000000000000000e+00 -1.000000000000000000e+01 1.218794754594978986e+04
0.000000000000000000e+00 1.250000000000000000e+01 1.260122172936070456e+04
-1.000000000000000000e+01 2.500000000000000000e+00 1.219532145357655463e+04
5.000000000000000000e+00 7.500000000000000000e+00 1.219415099553693653e+04
0.000000000000000000e+00 5.000000000000000000e+00 1.218618011699867930e+04
2.500000000000000000e+00 -2.500000000000000000e+00 1.219040083303352367e+04
1.250000000000000000e+01 1.500000000000000000e+01 1.225974514975300190e+04
7.500000000000000000e+00 1.500000000000000000e+01 1.237250724868680663e+04
0.000000000000000000e+00 7.500000000000000000e+00 1.216824882270426497e+04
1.250000000000000000e+01 2.500000000000000000e+00 1.241566056401042260e+04
5.000000000000000000e+00 5.000000000000000000e+00 1.220025831521793771e+04
-5.000000000000000000e+00 -2.500000000000000000e+00 1.220763551495383763e+04
0.000000000000000000e+00 1.000000000000000000e+01 1.246618603115762198e+04
0.000000000000000000e+00 -1.250000000000000000e+01 1.220727469870965433e+04
-1.250000000000000000e+01 1.000000000000000000e+01 1.252652552450392250e+04
5.000000000000000000e+00 1.250000000000000000e+01 1.236564098583079067e+04
1.000000000000000000e+01 1.250000000000000000e+01 1.224867989884232156e+04
-2.500000000000000000e+00 1.000000000000000000e+01 1.216807807147472886e+04
-7.500000000000000000e+00 -5.000000000000000000e+00 1.221538340728628282e+04
-1.250000000000000000e+01 -1.250000000000000000e+01 1.224633239851986218e+04
2.500000000000000000e+00 -1.000000000000000000e+01 1.219533089098435630e+04
-2.500000000000000000e+00 7.500000000000000000e+00 1.216242264998183600e+04
0.000000000000000000e+00 -7.500000000000000000e+00 1.218706152700283019e+04
-7.500000000000000000e+00 5.000000000000000000e+00 1.218451211003790013e+04
-5.000000000000000000e+00 -1.000000000000000000e+01 1.221350646049525312e+04
1.250000000000000000e+01 -2.500000000000000000e+00 1.219731318556714905e+04
7.500000000000000000e+00 -2.500000000000000000e+00 1.216242374734322948e+04
1.000000000000000000e+01 0.000000000000000000e+00 1.240611912525120715e+04
1.250000000000000000e+01 -1.250000000000000000e+01 1.269993877073869589e+04
-7.500000000000000000e+00 1.250000000000000000e+01 1.236683119660007833e+04
-2.500000000000000000e+00 -7.500000000000000000e+00 1.220405698159402891e+04
7.500000000000000000e+00 -1.250000000000000000e+01 1.239575992414738175e+04
-1.250000000000000000e+01 -7.500000000000000000e+00 1.222472709942623260e+04
1.000000000000000000e+01 7.500000000000000000e+00 1.222738713159247527e+04
5.000000000000000000e+00 -5.000000000000000000e+00 1.216920112300306209e+04
1.000000000000000000e+01 -5.000000000000000000e+00 1.220525180133107824e+04
1.500000000000000000e+01 1.000000000000000000e+01 1.228160833151906991e+04
-1.250000000000000000e+01 5.000000000000000000e+00 1.230050619193517196e+04
2.500000000000000000e+00 2.500000000000000000e+00 1.220157647967323828e+04
1.500000000000000000e+01 5.000000000000000000e+00 1.242765155879967824e+04
-1.000000000000000000e+01 -1.250000000000000000e+01 1.223614965497472804e+04
-7.500000000000000000e+00 -2.500000000000000000e+00 1.220406707744361847e+04
1.000000000000000000e+01 1.500000000000000000e+01 1.230126711038564827e+04
5.000000000000000000e+00 1.500000000000000000e+01 1.247341201289642595e+04
-5.000000000000000000e+00 7.500000000000000000e+00 1.217543222637182407e+04
2.500000000000000000e+00 0.000000000000000000e+00 1.219740119487421725e+04
-5.000000000000000000e+00 -5.000000000000000000e+00 1.221603524684139666e+04
-1.000000000000000000e+01 7.500000000000000000e+00 1.228683841121912519e+04
5.000000000000000000e+00 2.500000000000000000e+00 1.219490862185332480e+04
1.250000000000000000e+01 5.000000000000000000e+00 1.232823636871668350e+04
-1.000000000000000000e+01 1.000000000000000000e+01 1.238154104270022253e+04
2.500000000000000000e+00 -7.500000000000000000e+00 1.217770773901329085e+04
7.500000000000000000e+00 1.250000000000000000e+01 1.229230749877601556e+04
1.250000000000000000e+01 1.250000000000000000e+01 1.223481722469653869e+04
1.500000000000000000e+01 2.500000000000000000e+00 1.254300214116329153e+04
2.500000000000000000e+00 5.000000000000000000e+00 1.219490401288556313e+04
-1.250000000000000000e+01 2.500000000000000000e+00 1.223941982651395665e+04
5.000000000000000000e+00 -1.250000000000000000e+01 1.230054174681863515e+04
1.000000000000000000e+01 -2.500000000000000000e+00 1.216807104828694719e+04
5.000000000000000000e+00 -2.500000000000000000e+00 1.217279194693525096e+04
7.500000000000000000e+00 7.500000000000000000e+00 1.220068409595533376e+04
-2.500000000000000000e+00 0.000000000000000000e+00 1.220164232205556618e+04
-2.500000000000000000e+00 -1.250000000000000000e+01 1.219992515278032079e+04
-1.000000000000000000e+01 -7.500000000000000000e+00 1.222489016905115022e+04
7.500000000000000000e+00 -5.000000000000000000e+00 1.217542959267952574e+04
-7.500000000000000000e+00 -1.000000000000000000e+01 1.222488204850197508e+04
1.250000000000000000e+01 -5.000000000000000000e+00 1.226467806086841119e+04
2.500000000000000000e+00 1.000000000000000000e+01 1.236113166070503576e+04
1.000000000000000000e+01 -1.250000000000000000e+01 1.252654856934272721e+04
1.250000000000000000e+01 0.000000000000000000e+00 1.253133728564882222e+04
-7.500000000000000000e+00 2.500000000000000000e+00 1.217770795848556918e+04
-5.000000000000000000e+00 1.250000000000000000e+01 1.226471032364273924e+04
