-5.000000000000000000e-01 -2.670214710572650802e+03
-4.000000000000000222e-01 -9.239012572740813994e+03
-2.999999999999999889e-01 -1.457968906158561367e+04
-2.000000000000000111e-01 -1.864444281418096944e+04
-1.000000000000000056e-01 -2.138693372463765627e+04
0.000000000000000000e+00 -2.276475467184959052e+04
1.000000000000000056e-01 -2.273813991158350836e+04
2.000000000000000111e-01 -2.127006405944989092e+04
2.999999999999999889e-01 -1.832881828857686196e+04
4.000000000000000222e-01 -1.389015348464568524e+04
5.000000000000000000e-01 -7.942313710148071550e+03
