-5.000000000000000000e-01 1.637138428142734847e+04
-4.000000000000000222e-01 1.058980264325918506e+04
-2.999999999999999889e-01 6.017791176414386427e+03
-2.000000000000000111e-01 2.700731521819029695e+03
-1.000000000000000056e-01 6.817374893623430125e+02
0.000000000000000000e+00 -1.009584958940195135e-02
1.000000000000000056e-01 6.920282144164925739e+02
2.000000000000000111e-01 2.791651508550108701e+03
2.999999999999999889e-01 6.328148891423138593e+03
4.000000000000000222e-01 1.132173660735431258e+04
5.000000000000000000e-01 1.778417059385192624e+04
