-4.000000000000000222e-01 -2.000000000000000111e-01 1.392644821115101149e+04
-8.000000000000000444e-01 -2.000000000000000111e-01 1.893512809795936482e+04
-1.000000000000000000e+00 5.999999999999999778e-01 2.442680288382381332e+04
-5.999999999999999778e-01 -5.999999999999999778e-01 1.729075921080341504e+04
4.000000000000000222e-01 -4.000000000000000222e-01 1.437672317841604854e+04
4.000000000000000222e-01 -1.000000000000000000e+00 1.766977626231308750e+04
1.000000000000000000e+00 0.000000000000000000e+00 2.269397519809741425e+04
8.000000000000000444e-01 -4.000000000000000222e-01 1.949253717699960180e+04
8.000000000000000444e-01 -5.999999999999999778e-01 2.042216903232458571e+04
1.000000000000000000e+00 2.000000000000000111e-01 2.286906654709265422e+04
-1.000000000000000000e+00 -8.000000000000000444e-01 2.614856422127814221e+04
-5.999999999999999778e-01 -4.000000000000000222e-01 1.646266245071031153e+04
4.000000000000000222e-01 -5.999999999999999778e-01 1.513259874874123307e+04
-1.000000000000000000e+00 4.000000000000000222e-01 2.343572648052572913e+04
-2.000000000000000111e-01 -1.000000000000000000e+00 1.628192072813449886e+04
5.999999999999999778e-01 -2.000000000000000111e-01 1.596574605831388908e+04
-4.000000000000000222e-01 -4.000000000000000222e-01 1.437672317841604854e+04
5.999999999999999778e-01 -5.999999999999999778e-01 1.729075921080341504e+04
-1.000000000000000000e+00 0.000000000000000000e+00 2.269397519809741425e+04
-8.000000000000000444e-01 -4.000000000000000222e-01 1.949253717699960180e+04
4.000000000000000222e-01 -2.000000000000000111e-01 1.392644821115101149e+04
8.000000000000000444e-01 -2.000000000000000111e-01 1.893512809795936482e+04
1.000000000000000000e+00 5.999999999999999778e-01 2.442680288382381332e+04
1.000000000000000000e+00 4.000000000000000222e-01 2.343572648052572913e+04
-5.999999999999999778e-01 -2.000000000000000111e-01 1.596574605831388908e+04
-8.000000000000000444e-01 -5.999999999999999778e-01 2.042216903232458571e+04
-1.000000000000000000e+00 2.000000000000000111e-01 2.286906654709265422e+04
-4.000000000000000222e-01 -5.999999999999999778e-01 1.513259874874123307e+04
5.999999999999999778e-01 -4.000000000000000222e-01 1.646266245071031153e+04
1.000000000000000000e+00 -5.999999999999999778e-01 2.464996312077338007e+04
0.000000000000000000e+00 -2.000000000000000111e-01 1.234145993282429117e+04
8.000000000000000444e-01 8.000000000000000444e-01 2.159404268530884656e+04
-5.999999999999999778e-01 0.000000000000000000e+00 1.579942074430726825e+04
4.000000000000000222e-01 4.000000000000000222e-01 1.437232227374386639e+04
-4.000000000000000222e-01 2.000000000000000111e-01 1.392398373088124390e+04
5.999999999999999778e-01 5.999999999999999778e-01 1.724237098731475271e+04
-2.000000000000000111e-01 4.000000000000000222e-01 1.317151945426774728e+04
2.000000000000000111e-01 -5.999999999999999778e-01 1.387619489252409221e+04
0.000000000000000000e+00 0.000000000000000000e+00 1.220485806389573008e+04
2.000000000000000111e-01 2.000000000000000111e-01 1.274265906268980689e+04
2.000000000000000111e-01 0.000000000000000000e+00 1.260014586487137603e+04
0.000000000000000000e+00 2.000000000000000111e-01 1.234827615547672212e+04
2.000000000000000111e-01 -4.000000000000000222e-01 1.315800289154879647e+04
-2.000000000000000111e-01 5.999999999999999778e-01 1.390175424601411396e+04
5.999999999999999778e-01 4.000000000000000222e-01 1.642764681460356223e+04
-4.000000000000000222e-01 0.000000000000000000e+00 1.377597423064391478e+04
4.000000000000000222e-01 5.999999999999999778e-01 1.513190060003622784e+04
-5.999999999999999778e-01 2.000000000000000111e-01 1.595257780179446308e+04
-8.000000000000000444e-01 -1.000000000000000000e+00 2.347234625648639121e+04
-2.000000000000000111e-01 -2.000000000000000111e-01 1.273529722616314211e+04
1.000000000000000000e+00 -4.000000000000000222e-01 2.358298011022490391e+04
-1.000000000000000000e+00 1.000000000000000000e+00 2.772732688311792663e+04
-2.000000000000000111e-01 -5.999999999999999778e-01 1.387619489252409221e+04
0.000000000000000000e+00 -4.000000000000000222e-01 1.275892783688032068e+04
-8.000000000000000444e-01 8.000000000000000444e-01 2.159404268530884656e+04
-5.999999999999999778e-01 5.999999999999999778e-01 1.724237098731475271e+04
4.000000000000000222e-01 2.000000000000000111e-01 1.392398373088124390e+04
-4.000000000000000222e-01 4.000000000000000222e-01 1.437232227374386639e+04
5.999999999999999778e-01 0.000000000000000000e+00 1.579942074430726825e+04
-2.000000000000000111e-01 2.000000000000000111e-01 1.274265906268980689e+04
5.999999999999999778e-01 -1.000000000000000000e+00 2.003686556985797142e+04
0.000000000000000000e+00 5.999999999999999778e-01 1.349314938474196606e+04
2.000000000000000111e-01 4.000000000000000222e-01 1.317151945426774728e+04
2.000000000000000111e-01 5.999999999999999778e-01 1.390175424601411396e+04
0.000000000000000000e+00 4.000000000000000222e-01 1.277405534316868579e+04
2.000000000000000111e-01 -2.000000000000000111e-01 1.273529722616314211e+04
-2.000000000000000111e-01 0.000000000000000000e+00 1.260014586487137603e+04
5.999999999999999778e-01 2.000000000000000111e-01 1.595257780179446308e+04
-4.000000000000000222e-01 5.999999999999999778e-01 1.513190060003622784e+04
4.000000000000000222e-01 0.000000000000000000e+00 1.377597423064391478e+04
-5.999999999999999778e-01 4.000000000000000222e-01 1.642764681460356223e+04
-2.000000000000000111e-01 -4.000000000000000222e-01 1.315800289154879647e+04
0.000000000000000000e+00 -5.999999999999999778e-01 1.346468704070289095e+04
1.000000000000000000e+00 -2.000000000000000111e-01 2.293595406514697970e+04
0.000000000000000000e+00 8.000000000000000444e-01 1.452660413856257765e+04
-5.999999999999999778e-01 8.000000000000000444e-01 1.841746455216237882e+04
-8.000000000000000444e-01 5.999999999999999778e-01 2.031113354007382804e+04
4.000000000000000222e-01 1.000000000000000000e+00 1.768742640964892780e+04
8.000000000000000444e-01 0.000000000000000000e+00 1.873863073279571472e+04
-2.000000000000000111e-01 -8.000000000000000444e-01 1.490866223010700196e+04
8.000000000000000444e-01 1.000000000000000000e+00 2.328995737701591133e+04
0.000000000000000000e+00 -8.000000000000000444e-01 1.447685188043823473e+04
8.000000000000000444e-01 2.000000000000000111e-01 1.890441153031444992e+04
-5.999999999999999778e-01 1.000000000000000000e+00 1.997478871558714673e+04
-8.000000000000000444e-01 4.000000000000000222e-01 1.941667819573276938e+04
-4.000000000000000222e-01 8.000000000000000444e-01 1.622696823883945763e+04
-1.000000000000000000e+00 -1.000000000000000000e+00 2.810131269888325551e+04
2.000000000000000111e-01 8.000000000000000444e-01 1.494821572306013877e+04
-4.000000000000000222e-01 1.000000000000000000e+00 1.768742640964892780e+04
2.000000000000000111e-01 -8.000000000000000444e-01 1.490866223010700196e+04
5.999999999999999778e-01 8.000000000000000444e-01 1.841746455216237882e+04
-8.000000000000000444e-01 1.000000000000000000e+00 2.328995737701591133e+04
2.000000000000000111e-01 -1.000000000000000000e+00 1.628192072813449886e+04
-8.000000000000000444e-01 0.000000000000000000e+00 1.873863073279571472e+04
8.000000000000000444e-01 5.999999999999999778e-01 2.031113354007382804e+04
1.000000000000000000e+00 -8.000000000000000444e-01 2.614856422127814221e+04
-4.000000000000000222e-01 -1.000000000000000000e+00 1.766977626231308750e+04
8.000000000000000444e-01 4.000000000000000222e-01 1.941667819573276938e+04
-8.000000000000000444e-01 2.000000000000000111e-01 1.890441153031444992e+04
4.000000000000000222e-01 8.000000000000000444e-01 1.622696823883945763e+04
-2.000000000000000111e-01 8.000000000000000444e-01 1.494821572306013877e+04
5.999999999999999778e-01 1.000000000000000000e+00 1.997478871558714673e+04
1.000000000000000000e+00 8.000000000000000444e-01 2.585065291082816839e+04
-1.000000000000000000e+00 -2.000000000000000111e-01 2.293595406514697970e+04
0.000000000000000000e+00 -1.000000000000000000e+00 1.582430696920655464e+04
5.999999999999999778e-01 -8.000000000000000444e-01 1.847262400598725435e+04
-4.000000000000000222e-01 -8.000000000000000444e-01 1.622339782602882406e+04
-5.999999999999999778e-01 -1.000000000000000000e+00 2.003686556985797142e+04
2.000000000000000111e-01 1.000000000000000000e+00 1.634708690689037758e+04
-8.000000000000000444e-01 -8.000000000000000444e-01 2.174257212086435175e+04
1.000000000000000000e+00 1.000000000000000000e+00 2.772732688311792663e+04
-1.000000000000000000e+00 -4.000000000000000222e-01 2.358298011022490391e+04
8.000000000000000444e-01 -1.000000000000000000e+00 2.347234625648639121e+04
0.000000000000000000e+00 1.000000000000000000e+00 1.590488443490166901e+04
-5.999999999999999778e-01 -8.000000000000000444e-01 1.847262400598725435e+04
-1.000000000000000000e+00 8.000000000000000444e-01 2.585065291082816839e+04
1.000000000000000000e+00 -1.000000000000000000e+00 2.810131269888325551e+04
4.000000000000000222e-01 -8.000000000000000444e-01 1.622339782602882406e+04
-2.000000000000000111e-01 1.000000000000000000e+00 1.634708690689037758e+04
-1.000000000000000000e+00 -5.999999999999999778e-01 2.464996312077338007e+04
8.000000000000000444e-01 -8.000000000000000444e-01 2.174257212086435175e+04
