-4.000000000000000222e-01 -2.000000000000000111e-01 1.721951314667587212e+04
1.000000000000000056e-01 2.000000000000000111e-01 1.544687211007338374e+04
2.999999999999999889e-01 0.000000000000000000e+00 1.354785957407103524e+04
-1.000000000000000056e-01 4.000000000000000222e-01 2.428030512463784544e+04
4.000000000000000222e-01 -4.000000000000000222e-01 2.502187336526424770e+04
2.999999999999999889e-01 1.000000000000000056e-01 1.433535133841910283e+04
1.000000000000000056e-01 2.999999999999999889e-01 1.914024071908404949e+04
-4.000000000000000222e-01 -2.999999999999999889e-01 2.050764868269168801e+04
-4.000000000000000222e-01 -1.000000000000000056e-01 1.524359319925164891e+04
1.000000000000000056e-01 1.000000000000000056e-01 1.319391530086892999e+04
2.999999999999999889e-01 2.999999999999999889e-01 2.016848843801845942e+04
2.999999999999999889e-01 2.000000000000000111e-01 1.653338243422101368e+04
-2.999999999999999889e-01 4.000000000000000222e-01 2.522051565571600440e+04
1.000000000000000056e-01 0.000000000000000000e+00 1.235354969116208849e+04
-4.000000000000000222e-01 -4.000000000000000222e-01 2.505576616931494209e+04
1.000000000000000056e-01 4.000000000000000222e-01 2.429302192191372160e+04
-2.999999999999999889e-01 0.000000000000000000e+00 1.354825199464775869e+04
-1.000000000000000056e-01 2.000000000000000111e-01 1.544113570246120435e+04
4.000000000000000222e-01 -2.999999999999999889e-01 2.048057583237206927e+04
4.000000000000000222e-01 -2.000000000000000111e-01 1.720017743442227220e+04
-1.000000000000000056e-01 2.999999999999999889e-01 1.913117795443038995e+04
-2.999999999999999889e-01 1.000000000000000056e-01 1.432759927606345445e+04
-2.999999999999999889e-01 2.999999999999999889e-01 2.014179681506458292e+04
-1.000000000000000056e-01 1.000000000000000056e-01 1.319119798586399520e+04
-1.000000000000000056e-01 0.000000000000000000e+00 1.235356417648220850e+04
4.000000000000000222e-01 -1.000000000000000056e-01 1.523294846166881871e+04
2.999999999999999889e-01 4.000000000000000222e-01 2.525810770415246225e+04
-2.999999999999999889e-01 2.000000000000000111e-01 1.651662093954937882e+04
2.000000000000000111e-01 2.999999999999999889e-01 1.952622696704643386e+04
0.000000000000000000e+00 1.000000000000000056e-01 1.305063460038175253e+04
0.000000000000000000e+00 -2.000000000000000111e-01 1.460518175169296956e+04
-4.000000000000000222e-01 2.999999999999999889e-01 2.103476434110715127e+04
4.000000000000000222e-01 4.000000000000000222e-01 2.610326883385594556e+04
-2.000000000000000111e-01 -1.000000000000000056e-01 1.336391835075341078e+04
-4.000000000000000222e-01 2.000000000000000111e-01 1.746482802767194880e+04
0.000000000000000000e+00 -2.999999999999999889e-01 1.778856271955809643e+04
-2.000000000000000111e-01 4.000000000000000222e-01 2.463042636979138115e+04
0.000000000000000000e+00 0.000000000000000000e+00 1.220464275931948760e+04
2.000000000000000111e-01 2.000000000000000111e-01 1.585432034020919855e+04
2.000000000000000111e-01 0.000000000000000000e+00 1.280079151944431942e+04
0.000000000000000000e+00 2.000000000000000111e-01 1.530935371522671994e+04
2.000000000000000111e-01 -4.000000000000000222e-01 2.292653004530458202e+04
-4.000000000000000222e-01 0.000000000000000000e+00 1.459793118880940710e+04
-2.000000000000000111e-01 -2.999999999999999889e-01 1.847028243149118134e+04
0.000000000000000000e+00 -1.000000000000000056e-01 1.273804285341643299e+04
-2.000000000000000111e-01 -2.000000000000000111e-01 1.525968310163849856e+04
-4.000000000000000222e-01 1.000000000000000056e-01 1.532773712718152092e+04
0.000000000000000000e+00 2.999999999999999889e-01 1.900878333476849730e+04
2.000000000000000111e-01 1.000000000000000056e-01 1.362160633179359684e+04
2.000000000000000111e-01 -1.000000000000000056e-01 1.335889808877272117e+04
-2.000000000000000111e-01 2.999999999999999889e-01 1.950822763562194814e+04
0.000000000000000000e+00 -4.000000000000000222e-01 2.223550965822239596e+04
4.000000000000000222e-01 2.999999999999999889e-01 2.106978634198484360e+04
4.000000000000000222e-01 2.000000000000000111e-01 1.748666882301604710e+04
-4.000000000000000222e-01 4.000000000000000222e-01 2.605378477370095789e+04
-2.000000000000000111e-01 2.000000000000000111e-01 1.584296165176756949e+04
2.000000000000000111e-01 4.000000000000000222e-01 2.465571796428155722e+04
0.000000000000000000e+00 4.000000000000000222e-01 2.416817072305895636e+04
2.000000000000000111e-01 -2.000000000000000111e-01 1.525027773713942406e+04
-2.000000000000000111e-01 0.000000000000000000e+00 1.280090806047202022e+04
4.000000000000000222e-01 0.000000000000000000e+00 1.459700500598627332e+04
4.000000000000000222e-01 1.000000000000000056e-01 1.533761809314929815e+04
-2.000000000000000111e-01 -4.000000000000000222e-01 2.294325664350959050e+04
-2.000000000000000111e-01 1.000000000000000056e-01 1.361627309902456727e+04
2.000000000000000111e-01 -2.999999999999999889e-01 1.845698073440391454e+04
-2.999999999999999889e-01 -2.000000000000000111e-01 1.607560867830500683e+04
2.999999999999999889e-01 -4.000000000000000222e-01 2.379796228463410080e+04
1.000000000000000056e-01 -1.000000000000000056e-01 1.289253760859136673e+04
-2.999999999999999889e-01 -2.999999999999999889e-01 1.931875784713604662e+04
1.000000000000000056e-01 -2.999999999999999889e-01 1.795391071317659953e+04
-2.999999999999999889e-01 -1.000000000000000056e-01 1.414608258866160395e+04
-1.000000000000000056e-01 -4.000000000000000222e-01 2.241437882352761517e+04
1.000000000000000056e-01 -2.000000000000000111e-01 1.476521516788576992e+04
-2.999999999999999889e-01 -4.000000000000000222e-01 2.382318562252192714e+04
2.999999999999999889e-01 -2.999999999999999889e-01 1.929866187487376010e+04
-1.000000000000000056e-01 -1.000000000000000056e-01 1.289501086785209736e+04
2.999999999999999889e-01 -2.000000000000000111e-01 1.606133909823742761e+04
-1.000000000000000056e-01 -2.000000000000000111e-01 1.476988668474732549e+04
2.999999999999999889e-01 -1.000000000000000056e-01 1.413836432541118847e+04
-1.000000000000000056e-01 -2.999999999999999889e-01 1.796053467606664344e+04
1.000000000000000056e-01 -4.000000000000000222e-01 2.240603988611006571e+04
