                      1                      2                      3
                      A                      A                      A
 Frequencies --   -496.4577                47.8681                96.9520
 Red. masses --      5.9078                 3.7511                 3.6084
 Frc consts  --      0.8579                 0.0051                 0.0200
 IR Inten    --  27589.0405                 0.0630                 0.0001
  Atom  AN      X      Y      Z        X      Y      Z        X      Y      Z
     1   6    -0.10  -0.16   0.00     0.00   0.00   0.16     0.00   0.00   0.13
     2   6     0.20  -0.08   0.00     0.00   0.00   0.01     0.00   0.00   0.20
     3   6     0.07  -0.02   0.00     0.00   0.00  -0.11     0.00   0.00   0.05
     4   6     0.10   0.12   0.00     0.00   0.00  -0.09     0.00   0.00  -0.06
     5   6    -0.16   0.00   0.00     0.00   0.00   0.04     0.00   0.00  -0.20
     6   6    -0.18  -0.07   0.00     0.00   0.00   0.19     0.00   0.00  -0.12
     7   6     0.30   0.00   0.00     0.00   0.00  -0.19     0.00   0.00   0.00
     8   6    -0.07   0.00   0.00     0.00   0.00  -0.22     0.00   0.00   0.00
     9   6     0.10  -0.12   0.00     0.00   0.00  -0.09     0.00   0.00   0.06
    10   6     0.07   0.02   0.00     0.00   0.00  -0.11     0.00   0.00  -0.05
    11   6     0.20   0.08   0.00     0.00   0.00   0.01     0.00   0.00  -0.20
    12   1     0.09   0.07   0.00     0.00   0.00   0.00     0.00   0.00  -0.37
    13   6    -0.10   0.16   0.00     0.00   0.00   0.16     0.00   0.00  -0.13
    14   6    -0.18   0.07   0.00     0.00   0.00   0.19     0.00   0.00   0.12
    15   6    -0.16   0.00   0.00     0.00   0.00   0.04     0.00   0.00   0.20
    16   1     0.25   0.00   0.00     0.00   0.00  -0.23     0.00   0.00   0.00
    17   1    -0.02  -0.02   0.00     0.00   0.00   0.26     0.00   0.00   0.23
    18   1     0.09  -0.07   0.00     0.00   0.00   0.00     0.00   0.00   0.37
    19   1    -0.05   0.00   0.00     0.00   0.00   0.04     0.00   0.00  -0.36
    20   1    -0.17  -0.07   0.00     0.00   0.00   0.30     0.00   0.00  -0.23
    21   1    -0.44   0.00   0.00     0.00  -0.20  -0.39    -0.04   0.00   0.00
    22   1    -0.02   0.02   0.00     0.00   0.00   0.26     0.00   0.00  -0.23
    23   1    -0.17   0.07   0.00     0.00   0.00   0.30     0.00   0.00   0.23
    24   1    -0.05   0.00   0.00     0.00   0.00   0.04     0.00   0.00   0.36
    25   1    -0.44   0.00   0.00     0.00   0.20  -0.39     0.04   0.00   0.00
                      4                      5                      6
                      A                      A                      A
 Frequencies --    188.3992               218.8987               226.1597
 Red. masses --      1.9946                 4.6689                 4.3803
 Frc consts  --      0.0417                 0.1318                 0.1320
 IR Inten    --     11.9101                 0.0000                 0.0286
  Atom  AN      X      Y      Z        X      Y      Z        X      Y      Z
     1   6     0.00   0.00   0.11     0.00   0.00  -0.14     0.05   0.17   0.00
     2   6     0.00   0.00   0.04     0.00   0.00   0.15     0.11   0.02   0.00
     3   6     0.00   0.00  -0.07     0.00   0.00   0.20     0.02  -0.13   0.00
     4   6     0.00   0.00  -0.06     0.00   0.00   0.20    -0.03  -0.13   0.00
     5   6     0.00   0.00  -0.08     0.00   0.00   0.15    -0.13   0.02   0.00
     6   6     0.00   0.00  -0.01     0.00   0.00  -0.15    -0.06   0.17   0.00
     7   6     0.00   0.00  -0.10     0.00   0.00   0.00     0.00  -0.15   0.00
     8   6     0.00   0.00   0.15     0.00   0.00   0.00     0.00  -0.15   0.00
     9   6     0.00   0.00  -0.06     0.00   0.00  -0.20     0.03  -0.13   0.00
    10   6     0.00   0.00  -0.07     0.00   0.00  -0.20    -0.02  -0.13   0.00
    11   6     0.00   0.00   0.04     0.00   0.00  -0.15    -0.11   0.02   0.00
    12   1     0.00   0.00   0.09     0.00   0.00  -0.19    -0.27   0.02   0.00
    13   6     0.00   0.00   0.11     0.00   0.00   0.14    -0.05   0.17   0.00
    14   6     0.00   0.00  -0.01     0.00   0.00   0.15     0.06   0.17   0.00
    15   6     0.00   0.00  -0.08     0.00   0.00  -0.15     0.13   0.02   0.00
    16   1     0.00   0.00  -0.12     0.00   0.00   0.00     0.00  -0.15   0.00
    17   1     0.00   0.00   0.23     0.00   0.00  -0.32     0.10   0.26   0.00
    18   1     0.00   0.00   0.09     0.00   0.00   0.19     0.27   0.02   0.00
    19   1     0.00   0.00  -0.12     0.00   0.00   0.21    -0.29   0.02   0.00
    20   1     0.00   0.00  -0.01     0.00   0.00  -0.35    -0.11   0.26   0.00
    21   1     0.00   0.38   0.47     0.15   0.00   0.00     0.00  -0.15   0.00
    22   1     0.00   0.00   0.23     0.00   0.00   0.32    -0.10   0.26   0.00
    23   1     0.00   0.00  -0.01     0.00   0.00   0.36     0.11   0.26   0.00
    24   1     0.00   0.00  -0.12     0.00   0.00  -0.21     0.29   0.02   0.00
    25   1     0.00  -0.38   0.47    -0.15   0.00   0.00     0.00  -0.15   0.00
                      7                      8                      9
                      A                      A                      A
 Frequencies --    273.6319               376.1129               379.1749
 Red. masses --      2.7877                 2.5124                 6.8179
 Frc consts  --      0.1230                 0.2094                 0.5775
 IR Inten    --      3.2878                12.0633                 0.0150
  Atom  AN      X      Y      Z        X      Y      Z        X      Y      Z
     1   6     0.00   0.00  -0.01     0.00   0.00   0.09     0.26   0.01   0.00
     2   6     0.00   0.00  -0.12     0.00   0.00  -0.14     0.21   0.04   0.00
     3   6     0.00   0.00   0.00     0.00   0.00   0.07     0.13  -0.01   0.00
     4   6     0.00   0.00  -0.12     0.00   0.00   0.13     0.14  -0.01   0.00
     5   6     0.00   0.00  -0.04     0.00   0.00  -0.13     0.21  -0.04   0.00
     6   6     0.00   0.00   0.13     0.00   0.00   0.02     0.26   0.01   0.00
     7   6     0.00   0.00   0.26     0.00   0.00   0.00     0.00   0.07   0.00
     8   6     0.00   0.00  -0.03     0.00   0.00   0.05     0.00  -0.08   0.00
     9   6     0.00   0.00  -0.12     0.00   0.00   0.13    -0.14  -0.01   0.00
    10   6     0.00   0.00   0.00     0.00   0.00   0.07    -0.13  -0.01   0.00
    11   6     0.00   0.00  -0.12     0.00   0.00  -0.14    -0.21   0.04   0.00
    12   1     0.00   0.00  -0.23     0.00   0.00  -0.39    -0.24   0.04   0.00
    13   6     0.00   0.00  -0.01     0.00   0.00   0.09    -0.26   0.01   0.00
    14   6     0.00   0.00   0.13     0.00   0.00   0.02    -0.26   0.01   0.00
    15   6     0.00   0.00  -0.04     0.00   0.00  -0.13    -0.21  -0.04   0.00
    16   1     0.00   0.00   0.55     0.00   0.00  -0.20     0.00   0.07   0.00
    17   1     0.00   0.00  -0.01     0.00   0.00   0.19     0.24  -0.03   0.00
    18   1     0.00   0.00  -0.23     0.00   0.00  -0.39     0.24   0.04   0.00
    19   1     0.00   0.00  -0.03     0.00   0.00  -0.37     0.22  -0.03   0.00
    20   1     0.00   0.00   0.31     0.00   0.00   0.01     0.24   0.05   0.00
    21   1     0.00   0.28   0.20     0.00  -0.25  -0.15     0.00  -0.08   0.01
    22   1     0.00   0.00  -0.01     0.00   0.00   0.19    -0.24  -0.03   0.00
    23   1     0.00   0.00   0.31     0.00   0.00   0.01    -0.24   0.05   0.00
    24   1     0.00   0.00  -0.03     0.00   0.00  -0.37    -0.22  -0.03   0.00
    25   1     0.00  -0.28   0.20     0.00   0.25  -0.15     0.00  -0.07  -0.01
                     10                     11                     12
                      A                      A                      A
 Frequencies --    379.7055               408.1440               465.9043
 Red. masses --      4.4531                 2.9137                 3.0311
 Frc consts  --      0.3783                 0.2860                 0.3876
 IR Inten    --     79.6896                 0.0001                 0.0000
  Atom  AN      X      Y      Z        X      Y      Z        X      Y      Z
     1   6    -0.08  -0.06   0.00     0.00   0.00   0.07     0.00   0.00   0.16
     2   6    -0.13   0.09   0.00     0.00   0.00  -0.13     0.00   0.00  -0.07
     3   6    -0.04   0.19   0.00     0.00   0.00   0.15     0.00   0.00  -0.12
     4   6     0.06   0.21   0.00     0.00   0.00   0.17     0.00   0.00   0.08
     5   6     0.13   0.11   0.00     0.00   0.00  -0.12     0.00   0.00   0.09
     6   6     0.05  -0.05   0.00     0.00   0.00   0.02     0.00   0.00  -0.18
     7   6     0.06   0.00   0.00     0.00   0.00   0.00     0.00   0.00   0.00
     8   6    -0.04   0.00   0.00     0.00   0.00   0.00     0.00   0.00   0.00
     9   6     0.06  -0.21   0.00     0.00   0.00  -0.17     0.00   0.00  -0.08
    10   6    -0.04  -0.19   0.00     0.00   0.00  -0.15     0.00   0.00   0.12
    11   6    -0.13  -0.09   0.00     0.00   0.00   0.13     0.00   0.00   0.07
    12   1    -0.26  -0.09   0.00     0.00   0.00   0.48     0.00   0.00   0.12
    13   6    -0.08   0.06   0.00     0.00   0.00  -0.07     0.00   0.00  -0.16
    14   6     0.05   0.05   0.00     0.00   0.00  -0.02     0.00   0.00   0.18
    15   6     0.13  -0.11   0.00     0.00   0.00   0.12     0.00   0.00  -0.09
    16   1     0.31   0.00   0.00     0.00   0.00   0.00     0.00   0.00   0.00
    17   1    -0.14  -0.15   0.00     0.00   0.00   0.10     0.00   0.00   0.47
    18   1    -0.26   0.09   0.00     0.00   0.00  -0.48     0.00   0.00  -0.12
    19   1     0.27   0.11   0.00     0.00   0.00  -0.39     0.00   0.00   0.28
    20   1     0.12  -0.17   0.00     0.00   0.00   0.00     0.00   0.00  -0.31
    21   1    -0.23   0.00   0.00     0.15   0.00   0.00     0.06   0.00   0.00
    22   1    -0.14   0.15   0.00     0.00   0.00  -0.10     0.00   0.00  -0.47
    23   1     0.12   0.17   0.00     0.00   0.00   0.00     0.00   0.00   0.31
    24   1     0.27  -0.11   0.00     0.00   0.00   0.39     0.00   0.00  -0.28
    25   1    -0.23   0.00   0.00    -0.15   0.00   0.00    -0.06   0.00   0.00
                     13                     14                     15
                      A                      A                      A
 Frequencies --    488.9815               556.1655               558.4014
 Red. masses --      2.3382                 6.6931                 2.2946
 Frc consts  --      0.3294                 1.2198                 0.4215
 IR Inten    --      5.8724               342.6412                 0.0568
  Atom  AN      X      Y      Z        X      Y      Z        X      Y      Z
     1   6     0.00   0.00  -0.10    -0.25   0.08   0.00     0.00   0.00  -0.07
     2   6     0.00   0.00   0.06    -0.07  -0.15   0.00     0.00   0.00   0.04
     3   6     0.00   0.00   0.14    -0.01  -0.10   0.00     0.00   0.00  -0.14
     4   6     0.00   0.00  -0.03     0.22  -0.03   0.00     0.00   0.00   0.05
     5   6     0.00   0.00  -0.07     0.05   0.19   0.00     0.00   0.00  -0.08
     6   6     0.00   0.00   0.12    -0.07   0.13   0.00     0.00   0.00   0.09
     7   6     0.00   0.00  -0.11    -0.04   0.00   0.00     0.00   0.00   0.03
     8   6     0.00   0.00  -0.04     0.29   0.00   0.00     0.00   0.00   0.16
     9   6     0.00   0.00  -0.03     0.22   0.03   0.00     0.00   0.00   0.05
    10   6     0.00   0.00   0.14    -0.01   0.10   0.00     0.00   0.00  -0.14
    11   6     0.00   0.00   0.06    -0.07   0.15   0.00     0.00   0.00   0.04
    12   1     0.00   0.00   0.04     0.06   0.15   0.00     0.00   0.00   0.36
    13   6     0.00   0.00  -0.10    -0.25  -0.08   0.00     0.00   0.00  -0.07
    14   6     0.00   0.00   0.12    -0.07  -0.13   0.00     0.00   0.00   0.09
    15   6     0.00   0.00  -0.07     0.05  -0.19   0.00     0.00   0.00  -0.08
    16   1     0.00   0.00  -0.60    -0.09   0.00   0.00     0.00   0.00   0.33
    17   1     0.00   0.00  -0.34    -0.20   0.16   0.00     0.00   0.00  -0.16
    18   1     0.00   0.00   0.04     0.06  -0.15   0.00     0.00   0.00   0.36
    19   1     0.00   0.00  -0.26    -0.09   0.19   0.00     0.00   0.00  -0.25
    20   1     0.00   0.00   0.18     0.04  -0.08   0.00     0.00   0.00   0.15
    21   1     0.00   0.18   0.12     0.30   0.00   0.00     0.00  -0.36  -0.15
    22   1     0.00   0.00  -0.34    -0.20  -0.16   0.00     0.00   0.00  -0.16
    23   1     0.00   0.00   0.18     0.04   0.08   0.00     0.00   0.00   0.15
    24   1     0.00   0.00  -0.26    -0.09  -0.19   0.00     0.00   0.00  -0.25
    25   1     0.00  -0.18   0.12     0.30   0.00   0.00     0.00   0.36  -0.15
                     16                     17                     18
                      A                      A                      A
 Frequencies --    607.4474               647.5440               666.0551
 Red. masses --      6.4316                 2.9804                 5.9271
 Frc consts  --      1.3983                 0.7363                 1.5492
 IR Inten    --      0.7958                 0.0000                 0.5910
  Atom  AN      X      Y      Z        X      Y      Z        X      Y      Z
     1   6    -0.12  -0.01   0.00     0.00   0.00   0.04    -0.20   0.10   0.00
     2   6     0.01  -0.21   0.00     0.00   0.00  -0.04    -0.17   0.08   0.00
     3   6     0.13   0.02   0.00     0.00   0.00   0.21    -0.13  -0.05   0.00
     4   6     0.16  -0.02   0.00     0.00   0.00  -0.19     0.10  -0.05   0.00
     5   6     0.03   0.22   0.00     0.00   0.00   0.04     0.16   0.04   0.00
     6   6    -0.09   0.03   0.00     0.00   0.00  -0.07     0.20   0.09   0.00
     7   6     0.00   0.28   0.00     0.00   0.00   0.00     0.00  -0.21   0.00
     8   6     0.00  -0.32   0.00     0.00   0.00   0.00     0.00  -0.16   0.00
     9   6    -0.16  -0.02   0.00     0.00   0.00   0.19    -0.10  -0.05   0.00
    10   6    -0.13   0.02   0.00     0.00   0.00  -0.21     0.13  -0.05   0.00
    11   6    -0.01  -0.21   0.00     0.00   0.00   0.04     0.17   0.08   0.00
    12   1    -0.01  -0.21   0.00     0.00   0.00   0.34     0.05   0.08   0.00
    13   6     0.12  -0.01   0.00     0.00   0.00  -0.04     0.20   0.10   0.00
    14   6     0.09   0.03   0.00     0.00   0.00   0.07    -0.20   0.09   0.00
    15   6    -0.03   0.22   0.00     0.00   0.00  -0.04    -0.16   0.04   0.00
    16   1     0.00   0.28   0.00     0.00   0.00   0.00     0.00  -0.21   0.00
    17   1    -0.03   0.13   0.00     0.00   0.00   0.18    -0.32  -0.11   0.00
    18   1     0.01  -0.21   0.00     0.00   0.00  -0.34    -0.05   0.08   0.00
    19   1     0.02   0.22   0.00     0.00   0.00   0.40     0.04   0.04   0.00
    20   1     0.01  -0.15   0.00     0.00   0.00   0.10     0.31  -0.09   0.00
    21   1     0.00  -0.28   0.03    -0.31   0.00   0.00     0.00  -0.15   0.01
    22   1     0.03   0.13   0.00     0.00   0.00  -0.18     0.32  -0.11   0.00
    23   1    -0.01  -0.15   0.00     0.00   0.00  -0.10    -0.31  -0.09   0.00
    24   1    -0.02   0.22   0.00     0.00   0.00  -0.40    -0.04   0.04   0.00
    25   1     0.00  -0.28  -0.03     0.31   0.00   0.00     0.00  -0.15  -0.01
                     19                     20                     21
                      A                      A                      A
 Frequencies --    719.2835               754.3981               761.0205
 Red. masses --      1.2310                 1.2355                 5.2531
 Frc consts  --      0.3752                 0.4143                 1.7925
 IR Inten    --     13.7552                 0.0030                 0.8205
  Atom  AN      X      Y      Z        X      Y      Z        X      Y      Z
     1   6     0.00   0.00   0.02     0.00   0.00  -0.06     0.02   0.00   0.00
     2   6     0.00   0.00   0.03     0.00   0.00  -0.02    -0.07   0.20   0.00
     3   6     0.00   0.00   0.00     0.00   0.00   0.01    -0.03   0.12   0.00
     4   6     0.00   0.00   0.02     0.00   0.00   0.05    -0.03  -0.08   0.00
     5   6     0.00   0.00   0.02     0.00   0.00  -0.05    -0.08  -0.17   0.00
     6   6     0.00   0.00   0.03     0.00   0.00  -0.03     0.00  -0.03   0.00
     7   6     0.00   0.00  -0.11     0.00   0.00   0.00     0.00   0.27   0.00
     8   6     0.00   0.00  -0.04     0.00   0.00   0.00     0.00  -0.33   0.00
     9   6     0.00   0.00   0.02     0.00   0.00  -0.05     0.03  -0.08   0.00
    10   6     0.00   0.00   0.00     0.00   0.00  -0.01     0.03   0.12   0.00
    11   6     0.00   0.00   0.03     0.00   0.00   0.02     0.07   0.20   0.00
    12   1     0.00   0.00  -0.26     0.00   0.00  -0.28     0.19   0.21   0.00
    13   6     0.00   0.00   0.02     0.00   0.00   0.06    -0.02   0.00   0.00
    14   6     0.00   0.00   0.03     0.00   0.00   0.03     0.00  -0.03   0.00
    15   6     0.00   0.00   0.02     0.00   0.00   0.05     0.08  -0.17   0.00
    16   1     0.00   0.00   0.68     0.00   0.00   0.00     0.00   0.28  -0.01
    17   1     0.00   0.00  -0.27     0.00   0.00   0.38    -0.06  -0.14   0.00
    18   1     0.00   0.00  -0.26     0.00   0.00   0.28    -0.19   0.21   0.00
    19   1     0.00   0.00  -0.20     0.00   0.00   0.22    -0.14  -0.17   0.00
    20   1     0.00   0.00  -0.27     0.00   0.00   0.46    -0.09   0.12   0.00
    21   1     0.00   0.10   0.05     0.07   0.00   0.00     0.00  -0.30   0.02
    22   1     0.00   0.00  -0.27     0.00   0.00  -0.38     0.06  -0.14   0.00
    23   1     0.00   0.00  -0.27     0.00   0.00  -0.46     0.09   0.12   0.00
    24   1     0.00   0.00  -0.20     0.00   0.00  -0.22     0.14  -0.17   0.00
    25   1     0.00  -0.10   0.05    -0.07   0.00   0.00     0.00  -0.31  -0.02
                     22                     23                     24
                      A                      A                      A
 Frequencies --    771.3346               811.3729               858.5931
 Red. masses --      1.4770                 4.8498                 2.4520
 Frc consts  --      0.5178                 1.8811                 1.0650
 IR Inten    --     91.1544              2976.8101              6124.4603
  Atom  AN      X      Y      Z        X      Y      Z        X      Y      Z
     1   6     0.00   0.00   0.04    -0.08   0.02   0.00    -0.08   0.03   0.00
     2   6     0.00   0.00  -0.01     0.00   0.25   0.00     0.06   0.02   0.00
     3   6     0.00   0.00  -0.07    -0.09   0.06   0.00    -0.09  -0.10   0.00
     4   6     0.00   0.00   0.00     0.10  -0.06   0.00     0.06   0.03   0.00
     5   6     0.00   0.00   0.06    -0.08  -0.19   0.00     0.04  -0.07   0.00
     6   6     0.00   0.00   0.03    -0.03  -0.01   0.00     0.13   0.05   0.00
     7   6     0.00   0.00   0.14     0.09   0.00   0.00    -0.05   0.00   0.00
     8   6     0.00   0.00  -0.03     0.26   0.00   0.00    -0.10   0.00   0.00
     9   6     0.00   0.00   0.00     0.10   0.06   0.00     0.06  -0.03   0.00
    10   6     0.00   0.00  -0.07    -0.09  -0.06   0.00    -0.09   0.10   0.00
    11   6     0.00   0.00  -0.01     0.00  -0.25   0.00     0.06  -0.02   0.00
    12   1     0.00   0.00   0.00     0.00  -0.26   0.00     0.28  -0.02   0.00
    13   6     0.00   0.00   0.04    -0.08  -0.02   0.00    -0.08  -0.03   0.00
    14   6     0.00   0.00   0.03    -0.03   0.01   0.00     0.13  -0.05   0.00
    15   6     0.00   0.00   0.06    -0.08   0.19   0.00     0.04   0.07   0.00
    16   1     0.00   0.00  -0.55     0.30   0.00   0.00    -0.22   0.00   0.00
    17   1     0.00   0.00  -0.23    -0.18  -0.14   0.00    -0.16  -0.08   0.00
    18   1     0.00   0.00   0.01     0.00   0.26   0.00     0.28   0.02   0.00
    19   1     0.00   0.00  -0.31    -0.19  -0.20   0.00    -0.02  -0.07   0.00
    20   1     0.00   0.00  -0.41    -0.10   0.11   0.00     0.15   0.02   0.00
    21   1     0.00   0.06   0.03     0.25   0.00   0.00    -0.52   0.00   0.00
    22   1     0.00   0.00  -0.23    -0.18   0.14   0.00    -0.16   0.08   0.00
    23   1     0.00   0.00  -0.41    -0.10  -0.11   0.00     0.15  -0.02   0.00
    24   1     0.00   0.00  -0.31    -0.19   0.20   0.00    -0.02   0.07   0.00
    25   1     0.00  -0.06   0.03     0.25   0.00   0.00    -0.52   0.00   0.00
                     25                     26                     27
                      A                      A                      A
 Frequencies --    863.2530               889.1657               891.0549
 Red. masses --      2.0472                 1.4563                 5.5878
 Frc consts  --      0.8988                 0.6784                 2.6140
 IR Inten    --     17.1799                 0.0002                 1.9557
  Atom  AN      X      Y      Z        X      Y      Z        X      Y      Z
     1   6     0.00   0.00   0.06     0.00   0.00  -0.02     0.14  -0.11   0.00
     2   6     0.00   0.00   0.02     0.00   0.00  -0.09     0.01   0.17   0.00
     3   6     0.00   0.00   0.05     0.00   0.00   0.05    -0.04   0.03   0.00
     4   6     0.00   0.00  -0.15     0.00   0.00  -0.03     0.03   0.07   0.00
     5   6     0.00   0.00  -0.02     0.00   0.00   0.09     0.01   0.21   0.00
     6   6     0.00   0.00   0.00     0.00   0.00   0.01    -0.13  -0.11   0.00
     7   6     0.00   0.00   0.00     0.00   0.00   0.00     0.00  -0.29   0.00
     8   6     0.00   0.00   0.19     0.00   0.00   0.00     0.00  -0.21   0.00
     9   6     0.00   0.00  -0.15     0.00   0.00   0.03    -0.03   0.07   0.00
    10   6     0.00   0.00   0.05     0.00   0.00  -0.05     0.04   0.03   0.00
    11   6     0.00   0.00   0.02     0.00   0.00   0.09    -0.01   0.17   0.00
    12   1     0.00   0.00  -0.29     0.00   0.00  -0.44     0.16   0.17   0.00
    13   6     0.00   0.00   0.06     0.00   0.00   0.02    -0.14  -0.11   0.00
    14   6     0.00   0.00   0.00     0.00   0.00  -0.01     0.13  -0.11   0.00
    15   6     0.00   0.00  -0.02     0.00   0.00  -0.09    -0.01   0.21   0.00
    16   1     0.00   0.00  -0.12     0.00   0.00   0.00     0.00  -0.30   0.00
    17   1     0.00   0.00  -0.31     0.00   0.00   0.26     0.14  -0.10   0.00
    18   1     0.00   0.00  -0.29     0.00   0.00   0.44    -0.16   0.17   0.00
    19   1     0.00   0.00   0.26     0.00   0.00  -0.42     0.23   0.22   0.00
    20   1     0.00   0.00  -0.14     0.00   0.00  -0.19    -0.11  -0.15   0.00
    21   1     0.00  -0.39  -0.15    -0.08   0.00   0.00     0.00  -0.16   0.04
    22   1     0.00   0.00  -0.31     0.00   0.00  -0.26    -0.14  -0.10   0.00
    23   1     0.00   0.00  -0.14     0.00   0.00   0.19     0.11  -0.15   0.00
    24   1     0.00   0.00   0.26     0.00   0.00   0.42    -0.23   0.22   0.00
    25   1     0.00   0.39  -0.15     0.08   0.00   0.00     0.00  -0.16  -0.04
                     28                     29                     30
                      A                      A                      A
 Frequencies --    905.1590               915.7091               973.5313
 Red. masses --      1.8595                 5.0584                 1.4039
 Frc consts  --      0.8976                 2.4991                 0.7840
 IR Inten    --      2.3654              1110.4994                 0.0000
  Atom  AN      X      Y      Z        X      Y      Z        X      Y      Z
     1   6     0.00   0.00   0.01    -0.16   0.09   0.00     0.00   0.00   0.05
     2   6     0.00   0.00   0.11    -0.10  -0.12   0.00     0.00   0.00  -0.08
     3   6     0.00   0.00  -0.09     0.15   0.05   0.00     0.00   0.00   0.03
     4   6     0.00   0.00   0.08    -0.11  -0.06   0.00     0.00   0.00   0.00
     5   6     0.00   0.00  -0.09     0.01  -0.14   0.00     0.00   0.00  -0.08
     6   6     0.00   0.00  -0.01     0.12   0.07   0.00     0.00   0.00   0.05
     7   6     0.00   0.00   0.07     0.28   0.00   0.00     0.00   0.00   0.00
     8   6     0.00   0.00  -0.06    -0.11   0.00   0.00     0.00   0.00   0.00
     9   6     0.00   0.00   0.08    -0.11   0.06   0.00     0.00   0.00   0.00
    10   6     0.00   0.00  -0.09     0.15  -0.05   0.00     0.00   0.00  -0.03
    11   6     0.00   0.00   0.11    -0.10   0.12   0.00     0.00   0.00   0.08
    12   1     0.00   0.00  -0.45    -0.14   0.12   0.00     0.00   0.00  -0.36
    13   6     0.00   0.00   0.01    -0.16  -0.09   0.00     0.00   0.00  -0.05
    14   6     0.00   0.00  -0.01     0.12  -0.07   0.00     0.00   0.00  -0.05
    15   6     0.00   0.00  -0.09     0.01   0.14   0.00     0.00   0.00   0.08
    16   1     0.00   0.00  -0.23     0.58   0.00   0.00     0.00   0.00   0.00
    17   1     0.00   0.00  -0.21    -0.21   0.02   0.00     0.00   0.00  -0.21
    18   1     0.00   0.00  -0.45    -0.14  -0.12   0.00     0.00   0.00   0.36
    19   1     0.00   0.00   0.36    -0.13  -0.15   0.00     0.00   0.00   0.44
    20   1     0.00   0.00   0.20     0.15   0.01   0.00     0.00   0.00  -0.32
    21   1     0.00   0.12   0.04     0.12   0.00   0.00     0.13   0.00   0.00
    22   1     0.00   0.00  -0.21    -0.21  -0.02   0.00     0.00   0.00   0.21
    23   1     0.00   0.00   0.20     0.15  -0.01   0.00     0.00   0.00   0.32
    24   1     0.00   0.00   0.36    -0.13   0.15   0.00     0.00   0.00  -0.44
    25   1     0.00  -0.12   0.04     0.12   0.00   0.00    -0.13   0.00   0.00
                     31                     32                     33
                      A                      A                      A
 Frequencies --    982.1329              1008.9292              1011.5323
 Red. masses --      1.4597                 1.4391                 1.4272
 Frc consts  --      0.8296                 0.8631                 0.8604
 IR Inten    --      2.8979                 0.0000                 0.9805
  Atom  AN      X      Y      Z        X      Y      Z        X      Y      Z
     1   6     0.00   0.00   0.03     0.00   0.00  -0.09     0.00   0.00  -0.10
     2   6     0.00   0.00  -0.07     0.00   0.00   0.05     0.00   0.00   0.05
     3   6     0.00   0.00   0.02     0.00   0.00  -0.01     0.00   0.00  -0.01
     4   6     0.00   0.00   0.04     0.00   0.00   0.00     0.00   0.00  -0.01
     5   6     0.00   0.00  -0.09     0.00   0.00  -0.03     0.00   0.00  -0.01
     6   6     0.00   0.00   0.07     0.00   0.00   0.09     0.00   0.00   0.08
     7   6     0.00   0.00  -0.01     0.00   0.00   0.00     0.00   0.00   0.01
     8   6     0.00   0.00  -0.04     0.00   0.00   0.00     0.00   0.00   0.02
     9   6     0.00   0.00   0.04     0.00   0.00   0.00     0.00   0.00  -0.01
    10   6     0.00   0.00   0.02     0.00   0.00   0.01     0.00   0.00  -0.01
    11   6     0.00   0.00  -0.07     0.00   0.00  -0.05     0.00   0.00   0.05
    12   1     0.00   0.00   0.33     0.00   0.00   0.21     0.00   0.00  -0.25
    13   6     0.00   0.00   0.03     0.00   0.00   0.09     0.00   0.00  -0.10
    14   6     0.00   0.00   0.07     0.00   0.00  -0.09     0.00   0.00   0.07
    15   6     0.00   0.00  -0.09     0.00   0.00   0.03     0.00   0.00  -0.01
    16   1     0.00   0.00   0.05     0.00   0.00   0.00     0.00   0.00  -0.04
    17   1     0.00   0.00  -0.13     0.00   0.00   0.47     0.00   0.00   0.51
    18   1     0.00   0.00   0.33     0.00   0.00  -0.21     0.00   0.00  -0.25
    19   1     0.00   0.00   0.46     0.00   0.00   0.14     0.00   0.00   0.06
    20   1     0.00   0.00  -0.37     0.00   0.00  -0.43     0.00   0.00  -0.39
    21   1     0.00   0.07   0.03    -0.05   0.00   0.00     0.00  -0.04  -0.02
    22   1     0.00   0.00  -0.13     0.00   0.00  -0.48     0.00   0.00   0.51
    23   1     0.00   0.00  -0.37     0.00   0.00   0.43     0.00   0.00  -0.39
    24   1     0.00   0.00   0.46     0.00   0.00  -0.14     0.00   0.00   0.06
    25   1     0.00  -0.07   0.03     0.05   0.00   0.00     0.00   0.04  -0.02
                     34                     35                     36
                      A                      A                      A
 Frequencies --   1081.9706              1095.6236              1112.4072
 Red. masses --      2.2299                 1.9120                 1.8888
 Frc consts  --      1.5381                 1.3522                 1.3771
 IR Inten    --      1.8793               474.4498                 8.5418
  Atom  AN      X      Y      Z        X      Y      Z        X      Y      Z
     1   6     0.11  -0.08   0.00     0.08  -0.08   0.00     0.01   0.06   0.00
     2   6    -0.07  -0.08   0.00    -0.04  -0.07   0.00    -0.02  -0.07   0.00
     3   6    -0.04   0.01   0.00    -0.05   0.02   0.00    -0.01   0.04   0.00
     4   6    -0.02   0.00   0.00     0.04   0.02   0.00     0.04   0.07   0.00
     5   6    -0.05   0.06   0.00    -0.05   0.01   0.00     0.04  -0.12   0.00
     6   6     0.09   0.10   0.00     0.06   0.10   0.00    -0.06   0.02   0.00
     7   6     0.00  -0.01   0.00     0.01   0.00   0.00    -0.05   0.00   0.00
     8   6     0.00  -0.01   0.00     0.04   0.00   0.00     0.04   0.00   0.00
     9   6     0.02   0.00   0.00     0.04  -0.02   0.00     0.04  -0.07   0.00
    10   6     0.04   0.01   0.00    -0.05  -0.02   0.00    -0.01  -0.04   0.00
    11   6     0.07  -0.08   0.00    -0.04   0.07   0.00    -0.02   0.07   0.00
    12   1     0.43  -0.09   0.00    -0.31   0.08   0.00    -0.06   0.08   0.00
    13   6    -0.11  -0.08   0.00     0.08   0.08   0.00     0.01  -0.06   0.00
    14   6    -0.09   0.10   0.00     0.06  -0.10   0.00    -0.06  -0.02   0.00
    15   6     0.05   0.06   0.00    -0.05  -0.01   0.00     0.04   0.12   0.00
    16   1     0.00  -0.01   0.00     0.14   0.00   0.00    -0.03   0.00   0.00
    17   1     0.05  -0.19   0.00     0.02  -0.20   0.00     0.19   0.35   0.00
    18   1    -0.43  -0.09   0.00    -0.31  -0.08   0.00    -0.06  -0.08   0.00
    19   1    -0.35   0.07   0.00    -0.37   0.01   0.00     0.32  -0.13   0.00
    20   1     0.00   0.28   0.00    -0.08   0.37   0.00    -0.24   0.31   0.00
    21   1     0.00  -0.02  -0.01    -0.15   0.00   0.00    -0.14   0.00   0.00
    22   1    -0.05  -0.19   0.00     0.02   0.20   0.00     0.19  -0.35   0.00
    23   1     0.00   0.28   0.00    -0.08  -0.37   0.00    -0.24  -0.31   0.00
    24   1     0.35   0.07   0.00    -0.37  -0.01   0.00     0.32   0.13   0.00
    25   1     0.00  -0.02   0.01    -0.15   0.00   0.00    -0.14   0.00   0.00
                     37                     38                     39
                      A                      A                      A
 Frequencies --   1142.3911              1146.6590              1185.4258
 Red. masses --      1.1303                 1.5585                 1.1525
 Frc consts  --      0.8691                 1.2073                 0.9542
 IR Inten    --      0.0000                 0.0912                 7.7379
  Atom  AN      X      Y      Z        X      Y      Z        X      Y      Z
     1   6     0.00   0.00  -0.01     0.02   0.04   0.00     0.01   0.03   0.00
     2   6     0.00   0.00   0.01    -0.04  -0.06   0.00    -0.01   0.00   0.00
     3   6     0.00   0.00   0.01    -0.01   0.04   0.00     0.01   0.02   0.00
     4   6     0.00   0.00  -0.07     0.02   0.05   0.00     0.04  -0.02   0.00
     5   6     0.00   0.00   0.02     0.05  -0.07   0.00    -0.02  -0.01   0.00
     6   6     0.00   0.00  -0.01    -0.04   0.03   0.00     0.01  -0.04   0.00
     7   6     0.00   0.00   0.00     0.00  -0.06   0.00    -0.02   0.00   0.00
     8   6     0.00   0.00   0.00     0.00  -0.06   0.00     0.02   0.00   0.00
     9   6     0.00   0.00   0.07    -0.02   0.05   0.00     0.04   0.02   0.00
    10   6     0.00   0.00  -0.01     0.01   0.04   0.00     0.01  -0.02   0.00
    11   6     0.00   0.00  -0.01     0.04  -0.06   0.00    -0.01   0.00   0.00
    12   1     0.00   0.00   0.07     0.22  -0.06   0.00    -0.20   0.00   0.00
    13   6     0.00   0.00   0.01    -0.02   0.04   0.00     0.01  -0.03   0.00
    14   6     0.00   0.00   0.01     0.04   0.03   0.00     0.01   0.04   0.00
    15   6     0.00   0.00  -0.02    -0.05  -0.07   0.00    -0.02   0.01   0.00
    16   1     0.00   0.00   0.00     0.00  -0.06   0.00     0.00   0.00   0.00
    17   1     0.00   0.00   0.07     0.18   0.31   0.00     0.20   0.34   0.00
    18   1     0.00   0.00  -0.07    -0.22  -0.06   0.00    -0.20   0.00   0.00
    19   1     0.00   0.00  -0.04     0.38  -0.08   0.00    -0.33  -0.02   0.00
    20   1     0.00   0.00   0.00    -0.21   0.32   0.00     0.18  -0.33   0.00
    21   1     0.69   0.00   0.00     0.00  -0.03   0.03    -0.22   0.00   0.00
    22   1     0.00   0.00  -0.07    -0.18   0.31   0.00     0.20  -0.34   0.00
    23   1     0.00   0.00   0.00     0.21   0.32   0.00     0.18   0.33   0.00
    24   1     0.00   0.00   0.04    -0.38  -0.08   0.00    -0.33   0.02   0.00
    25   1    -0.70   0.00   0.00     0.00  -0.03  -0.03    -0.22   0.00   0.00
                     40                     41                     42
                      A                      A                      A
 Frequencies --   1195.1508              1210.8053              1241.8707
 Red. masses --      1.0930                 1.5033                 4.5565
 Frc consts  --      0.9198                 1.2985                 4.1403
 IR Inten    --      2.5427                 0.5315                 1.8569
  Atom  AN      X      Y      Z        X      Y      Z        X      Y      Z
     1   6     0.02   0.04   0.00    -0.01   0.01   0.00     0.03  -0.01   0.00
     2   6    -0.02   0.00   0.00    -0.03   0.06   0.00    -0.06   0.10   0.00
     3   6     0.01   0.01   0.00     0.12  -0.04   0.00     0.00  -0.09   0.00
     4   6     0.00   0.00   0.00     0.03  -0.01   0.00     0.27  -0.16   0.00
     5   6    -0.01  -0.01   0.00     0.00  -0.01   0.00     0.06   0.00   0.00
     6   6     0.02  -0.03   0.00    -0.02   0.00   0.00    -0.12  -0.02   0.00
     7   6     0.00  -0.01   0.00     0.01   0.00   0.00     0.00   0.07   0.00
     8   6     0.00   0.00   0.00    -0.01   0.00   0.00     0.00   0.21   0.00
     9   6     0.00   0.00   0.00     0.03   0.01   0.00    -0.27  -0.16   0.00
    10   6    -0.01   0.01   0.00     0.12   0.04   0.00     0.00  -0.09   0.00
    11   6     0.02   0.00   0.00    -0.03  -0.06   0.00     0.06   0.10   0.00
    12   1     0.25   0.00   0.00    -0.37  -0.06   0.00     0.33   0.11   0.00
    13   6    -0.02   0.04   0.00    -0.01  -0.01   0.00    -0.03  -0.01   0.00
    14   6    -0.02  -0.03   0.00    -0.02   0.00   0.00     0.12  -0.02   0.00
    15   6     0.01  -0.01   0.00     0.00   0.01   0.00    -0.06   0.00   0.00
    16   1     0.00  -0.01   0.00    -0.72   0.00   0.00     0.00   0.07   0.00
    17   1     0.23   0.39   0.00    -0.11  -0.14   0.00     0.07   0.06   0.00
    18   1    -0.25   0.00   0.00    -0.37   0.06   0.00    -0.33   0.11   0.00
    19   1    -0.21  -0.01   0.00     0.05  -0.01   0.00    -0.25  -0.01   0.00
    20   1     0.21  -0.37   0.00    -0.08   0.10   0.00    -0.27   0.23   0.00
    21   1     0.00  -0.01  -0.01    -0.17   0.00   0.00     0.00   0.11  -0.08
    22   1    -0.23   0.39   0.00    -0.11   0.14   0.00    -0.07   0.06   0.00
    23   1    -0.21  -0.37   0.00    -0.08  -0.10   0.00     0.27   0.23   0.00
    24   1     0.21  -0.01   0.00     0.05   0.01   0.00     0.25  -0.01   0.00
    25   1     0.00  -0.01   0.01    -0.17   0.00   0.00     0.00   0.11   0.08
                     43                     44                     45
                      A                      A                      A
 Frequencies --   1266.1277              1288.5011              1313.2828
 Red. masses --      1.8449                 3.3446                 1.4898
 Frc consts  --      1.7425                 3.2717                 1.5139
 IR Inten    --    311.3887                 1.6708                 1.9664
  Atom  AN      X      Y      Z        X      Y      Z        X      Y      Z
     1   6     0.03   0.00   0.00    -0.08   0.02   0.00    -0.01   0.02   0.00
     2   6    -0.04   0.04   0.00     0.05   0.01   0.00     0.03   0.02   0.00
     3   6    -0.02  -0.09   0.00     0.24   0.09   0.00     0.06  -0.05   0.00
     4   6     0.03  -0.12   0.00     0.07   0.07   0.00    -0.07  -0.08   0.00
     5   6     0.05   0.04   0.00    -0.03  -0.07   0.00     0.00   0.03   0.00
     6   6    -0.04   0.00   0.00     0.00   0.00   0.00     0.00   0.04   0.00
     7   6     0.05   0.00   0.00     0.00  -0.18   0.00     0.00   0.03   0.00
     8   6    -0.05   0.00   0.00     0.00  -0.01   0.00     0.00   0.04   0.00
     9   6     0.03   0.12   0.00    -0.07   0.07   0.00     0.07  -0.08   0.00
    10   6    -0.02   0.09   0.00    -0.24   0.09   0.00    -0.06  -0.05   0.00
    11   6    -0.04  -0.04   0.00    -0.05   0.01   0.00    -0.03   0.02   0.00
    12   1    -0.19  -0.05   0.00     0.32   0.02   0.00     0.47   0.03   0.00
    13   6     0.03   0.00   0.00     0.08   0.02   0.00     0.01   0.02   0.00
    14   6    -0.04   0.00   0.00     0.00   0.00   0.00     0.00   0.04   0.00
    15   6     0.05  -0.04   0.00     0.03  -0.07   0.00     0.00   0.03   0.00
    16   1     0.68   0.00   0.00     0.00  -0.21   0.00     0.00   0.03   0.00
    17   1     0.05   0.04   0.00    -0.26  -0.26   0.00    -0.10  -0.12   0.00
    18   1    -0.19   0.05   0.00    -0.32   0.02   0.00    -0.47   0.03   0.00
    19   1     0.26   0.04   0.00    -0.35  -0.08   0.00     0.44   0.03   0.00
    20   1    -0.08   0.05   0.00    -0.04   0.06   0.00     0.09  -0.11   0.00
    21   1    -0.33   0.00   0.00     0.00   0.04   0.04     0.00  -0.08  -0.09
    22   1     0.05  -0.04   0.00     0.26  -0.26   0.00     0.10  -0.12   0.00
    23   1    -0.08  -0.05   0.00     0.04   0.06   0.00    -0.09  -0.11   0.00
    24   1     0.26  -0.04   0.00     0.35  -0.08   0.00    -0.44   0.03   0.00
    25   1    -0.33   0.00   0.00     0.00   0.04  -0.04     0.00  -0.08   0.09
                     46                     47                     48
                      A                      A                      A
 Frequencies --   1338.4519              1357.5032              1379.7492
 Red. masses --      1.7945                 1.3473                 5.8879
 Frc consts  --      1.8941                 1.4628                 6.6041
 IR Inten    --   2324.9446                52.7325               310.0656
  Atom  AN      X      Y      Z        X      Y      Z        X      Y      Z
     1   6     0.01   0.02   0.00     0.02   0.04   0.00    -0.11  -0.13   0.00
     2   6    -0.04  -0.02   0.00    -0.03   0.01   0.00     0.22   0.00   0.00
     3   6     0.09   0.10   0.00     0.01  -0.07   0.00    -0.06   0.20   0.00
     4   6     0.04  -0.06   0.00     0.02   0.03   0.00     0.01  -0.19   0.00
     5   6     0.03   0.01   0.00    -0.05   0.00   0.00     0.16  -0.01   0.00
     6   6    -0.04  -0.05   0.00     0.02  -0.03   0.00    -0.06   0.14   0.00
     7   6    -0.11   0.00   0.00     0.00   0.03   0.00    -0.08   0.00   0.00
     8   6    -0.01   0.00   0.00     0.00  -0.07   0.00    -0.17   0.00   0.00
     9   6     0.04   0.06   0.00    -0.02   0.03   0.00     0.01   0.19   0.00
    10   6     0.09  -0.10   0.00    -0.01  -0.07   0.00    -0.06  -0.20   0.00
    11   6    -0.04   0.02   0.00     0.03   0.01   0.00     0.22   0.00   0.00
    12   1     0.44   0.02   0.00     0.07   0.01   0.00    -0.43   0.00   0.00
    13   6     0.01  -0.02   0.00    -0.02   0.04   0.00    -0.11   0.13   0.00
    14   6    -0.04   0.05   0.00    -0.02  -0.03   0.00    -0.06  -0.14   0.00
    15   6     0.03  -0.01   0.00     0.05   0.00   0.00     0.16   0.01   0.00
    16   1     0.16   0.00   0.00     0.00   0.03   0.00    -0.26   0.00   0.00
    17   1    -0.13  -0.19   0.00    -0.04  -0.06   0.00     0.05   0.15   0.00
    18   1     0.44  -0.02   0.00    -0.07   0.01   0.00    -0.43   0.00   0.00
    19   1    -0.29   0.00   0.00     0.12   0.01   0.00    -0.06  -0.02   0.00
    20   1    -0.16   0.13   0.00     0.01  -0.01   0.00     0.01   0.02   0.00
    21   1    -0.29   0.00   0.00     0.00   0.52   0.44     0.16   0.00   0.00
    22   1    -0.13   0.19   0.00     0.04  -0.06   0.00     0.05  -0.15   0.00
    23   1    -0.16  -0.13   0.00    -0.01  -0.01   0.00     0.01  -0.02   0.00
    24   1    -0.29   0.00   0.00    -0.12   0.01   0.00    -0.06   0.02   0.00
    25   1    -0.29   0.00   0.00     0.00   0.52  -0.44     0.16   0.00   0.00
                     49                     50                     51
                      A                      A                      A
 Frequencies --   1390.2964              1397.7227              1447.1600
 Red. masses --      3.1375                 1.8796                 2.3357
 Frc consts  --      3.5731                 2.1635                 2.8821
 IR Inten    --      1.9732               120.3776               563.7478
  Atom  AN      X      Y      Z        X      Y      Z        X      Y      Z
     1   6     0.06   0.11   0.00     0.02   0.03   0.00    -0.03  -0.08   0.00
     2   6    -0.12   0.00   0.00     0.05  -0.04   0.00    -0.04   0.02   0.00
     3   6     0.05  -0.12   0.00     0.01   0.06   0.00    -0.03   0.01   0.00
     4   6     0.06   0.11   0.00    -0.07  -0.02   0.00    -0.12  -0.04   0.00
     5   6    -0.13   0.01   0.00    -0.05  -0.01   0.00     0.06   0.04   0.00
     6   6     0.06  -0.11   0.00    -0.01   0.06   0.00     0.01   0.00   0.00
     7   6     0.00   0.03   0.00    -0.06   0.00   0.00     0.16   0.00   0.00
     8   6     0.00   0.04   0.00     0.18   0.00   0.00     0.16   0.00   0.00
     9   6    -0.06   0.11   0.00    -0.07   0.02   0.00    -0.12   0.04   0.00
    10   6    -0.05  -0.12   0.00     0.01  -0.06   0.00    -0.03  -0.01   0.00
    11   6     0.12   0.00   0.00     0.05   0.04   0.00    -0.04  -0.02   0.00
    12   1    -0.12   0.00   0.00    -0.11   0.05   0.00     0.29  -0.03   0.00
    13   6    -0.06   0.11   0.00     0.02  -0.03   0.00    -0.03   0.08   0.00
    14   6    -0.06  -0.11   0.00    -0.01  -0.06   0.00     0.01   0.00   0.00
    15   6     0.13   0.01   0.00    -0.05   0.01   0.00     0.06  -0.04   0.00
    16   1     0.00   0.03   0.00     0.07   0.00   0.00    -0.46   0.00   0.00
    17   1    -0.06  -0.09   0.00    -0.16  -0.27   0.00     0.19   0.28   0.00
    18   1     0.12   0.00   0.00    -0.11  -0.05   0.00     0.29   0.03   0.00
    19   1     0.17   0.01   0.00     0.33  -0.01   0.00    -0.09   0.05   0.00
    20   1    -0.04   0.07   0.00     0.18  -0.28   0.00    -0.07   0.16   0.00
    21   1     0.00  -0.45  -0.37    -0.35   0.00   0.00    -0.31   0.00   0.00
    22   1     0.06  -0.09   0.00    -0.16   0.27   0.00     0.19  -0.28   0.00
    23   1     0.04   0.07   0.00     0.18   0.28   0.00    -0.07  -0.16   0.00
    24   1    -0.17   0.01   0.00     0.33   0.01   0.00    -0.09  -0.05   0.00
    25   1     0.00  -0.45   0.37    -0.35   0.00   0.00    -0.31   0.00   0.00
                     52                     53                     54
                      A                      A                      A
 Frequencies --   1480.4040              1512.5613              1527.2042
 Red. masses --      2.2080                 3.1941                 2.6613
 Frc consts  --      2.8510                 4.3055                 3.6571
 IR Inten    --     74.5213               436.1592                 3.0785
  Atom  AN      X      Y      Z        X      Y      Z        X      Y      Z
     1   6     0.09   0.05   0.00    -0.09   0.00   0.00    -0.07   0.02   0.00
     2   6    -0.01  -0.06   0.00     0.04   0.00   0.00     0.11   0.02   0.00
     3   6    -0.07   0.05   0.00     0.02   0.07   0.00     0.05  -0.08   0.00
     4   6     0.09   0.03   0.00     0.02  -0.08   0.00    -0.12   0.09   0.00
     5   6    -0.02  -0.07   0.00    -0.16   0.08   0.00     0.09   0.01   0.00
     6   6    -0.10   0.10   0.00     0.17  -0.12   0.00     0.01  -0.07   0.00
     7   6     0.00  -0.02   0.00    -0.08   0.00   0.00    -0.13   0.00   0.00
     8   6     0.00   0.00   0.00     0.01   0.00   0.00     0.11   0.00   0.00
     9   6    -0.09   0.03   0.00     0.02   0.08   0.00    -0.12  -0.09   0.00
    10   6     0.07   0.05   0.00     0.02  -0.07   0.00     0.05   0.08   0.00
    11   6     0.01  -0.06   0.00     0.04   0.00   0.00     0.11  -0.02   0.00
    12   1    -0.02  -0.07   0.00    -0.08   0.00   0.00    -0.33  -0.03   0.00
    13   6    -0.09   0.05   0.00    -0.09   0.00   0.00    -0.07  -0.02   0.00
    14   6     0.10   0.10   0.00     0.17   0.12   0.00     0.01   0.07   0.00
    15   6     0.02  -0.07   0.00    -0.16  -0.08   0.00     0.09  -0.01   0.00
    16   1     0.00  -0.02   0.00     0.05   0.00   0.00     0.47   0.00   0.00
    17   1    -0.15  -0.37   0.00     0.07   0.28   0.00    -0.08   0.02   0.00
    18   1     0.02  -0.07   0.00    -0.08   0.00   0.00    -0.33   0.03   0.00
    19   1     0.12  -0.09   0.00     0.36   0.10   0.00    -0.36   0.02   0.00
    20   1     0.22  -0.46   0.00    -0.11   0.40   0.00    -0.16   0.21   0.00
    21   1     0.00  -0.03  -0.02    -0.02   0.00   0.00    -0.05   0.00   0.00
    22   1     0.15  -0.37   0.00     0.07  -0.28   0.00    -0.08  -0.02   0.00
    23   1    -0.22  -0.46   0.00    -0.11  -0.40   0.00    -0.16  -0.21   0.00
    24   1    -0.12  -0.09   0.00     0.36  -0.10   0.00    -0.36  -0.02   0.00
    25   1     0.00  -0.03   0.02    -0.02   0.00   0.00    -0.05   0.00   0.00
                     55                     56                     57
                      A                      A                      A
 Frequencies --   1555.0258              1594.9847              1647.7663
 Red. masses --      2.9747                 4.0946                 5.9081
 Frc consts  --      4.2380                 6.1373                 9.4513
 IR Inten    --      0.8136               141.9075                 0.2776
  Atom  AN      X      Y      Z        X      Y      Z        X      Y      Z
     1   6    -0.01   0.09   0.00    -0.05  -0.20   0.00     0.14   0.22   0.00
     2   6     0.14  -0.02   0.00    -0.07   0.09   0.00    -0.14  -0.09   0.00
     3   6    -0.11  -0.11   0.00     0.17  -0.05   0.00     0.07   0.13   0.00
     4   6    -0.04   0.12   0.00    -0.01   0.05   0.00    -0.14  -0.17   0.00
     5   6     0.11  -0.01   0.00    -0.05  -0.05   0.00     0.16   0.07   0.00
     6   6    -0.04  -0.07   0.00     0.01   0.16   0.00    -0.05  -0.15   0.00
     7   6     0.00   0.07   0.00    -0.20   0.00   0.00     0.00  -0.03   0.00
     8   6     0.00  -0.05   0.00     0.01   0.00   0.00     0.00   0.02   0.00
     9   6     0.04   0.12   0.00    -0.01  -0.05   0.00     0.14  -0.17   0.00
    10   6     0.11  -0.11   0.00     0.17   0.05   0.00    -0.07   0.13   0.00
    11   6    -0.14  -0.02   0.00    -0.07  -0.09   0.00     0.14  -0.09   0.00
    12   1     0.43  -0.02   0.00     0.23  -0.11   0.00    -0.16  -0.10   0.00
    13   6     0.01   0.09   0.00    -0.05   0.20   0.00    -0.14   0.22   0.00
    14   6     0.04  -0.07   0.00     0.01  -0.16   0.00     0.05  -0.15   0.00
    15   6    -0.11  -0.01   0.00    -0.05   0.05   0.00    -0.16   0.07   0.00
    16   1     0.00   0.07   0.00     0.39   0.00   0.00     0.00  -0.03   0.00
    17   1    -0.19  -0.17   0.00     0.26   0.28   0.00    -0.18  -0.29   0.00
    18   1    -0.43  -0.02   0.00     0.23   0.11   0.00     0.16  -0.10   0.00
    19   1    -0.36  -0.01   0.00     0.15  -0.05   0.00    -0.25   0.08   0.00
    20   1    -0.13   0.07   0.00     0.19  -0.12   0.00    -0.18   0.04   0.00
    21   1     0.00  -0.10  -0.04     0.02   0.00   0.00     0.00   0.11   0.07
    22   1     0.19  -0.17   0.00     0.26  -0.28   0.00     0.18  -0.29   0.00
    23   1     0.14   0.07   0.00     0.19   0.12   0.00     0.18   0.04   0.00
    24   1     0.36  -0.01   0.00     0.15   0.05   0.00     0.25   0.08   0.00
    25   1     0.00  -0.10   0.04     0.02   0.00   0.00     0.00   0.11  -0.07
                     58                     59                     60
                      A                      A                      A
 Frequencies --   1678.9036              2980.1062              2990.3889
 Red. masses --      6.9367                 1.0638                 1.0922
 Frc consts  --     11.5200                 5.5664                 5.7547
 IR Inten    --     21.6493                 7.3596                 3.1084
  Atom  AN      X      Y      Z        X      Y      Z        X      Y      Z
     1   6    -0.06   0.10   0.00     0.00   0.00   0.00     0.00   0.00   0.00
     2   6     0.19  -0.08   0.00     0.00   0.00   0.00     0.00   0.00   0.00
     3   6    -0.18   0.21   0.00     0.00   0.00   0.00     0.00   0.00   0.00
     4   6     0.14  -0.13   0.00     0.00   0.00   0.00     0.00   0.00   0.00
     5   6    -0.21   0.06   0.00     0.00   0.00   0.00     0.00   0.00   0.00
     6   6     0.14  -0.17   0.00     0.00   0.00   0.00     0.00   0.00   0.00
     7   6     0.00  -0.06   0.00     0.00   0.00   0.00     0.00   0.00   0.00
     8   6     0.00   0.05   0.00     0.00   0.07   0.00     0.00   0.00   0.09
     9   6    -0.14  -0.13   0.00     0.00   0.00   0.00     0.00   0.00   0.00
    10   6     0.18   0.21   0.00     0.00   0.00   0.00     0.00   0.00   0.00
    11   6    -0.19  -0.08   0.00     0.00   0.00   0.00     0.00   0.00   0.00
    12   1     0.24  -0.09   0.00     0.00   0.00   0.00     0.00   0.00   0.00
    13   6     0.06   0.10   0.00     0.00   0.00   0.00     0.00   0.00   0.00
    14   6    -0.14  -0.17   0.00     0.00   0.00   0.00     0.00   0.00   0.00
    15   6     0.21   0.06   0.00     0.00   0.00   0.00     0.00   0.00   0.00
    16   1     0.00  -0.05   0.00     0.00   0.00   0.00     0.00   0.00   0.00
    17   1    -0.15  -0.01   0.00     0.00   0.00   0.00     0.00   0.00   0.00
    18   1    -0.24  -0.09   0.00     0.00   0.00   0.00     0.00   0.00   0.00
    19   1     0.28   0.07   0.00     0.00   0.00   0.00     0.00   0.00   0.00
    20   1    -0.08   0.22   0.00     0.00   0.00   0.00     0.00   0.00   0.00
    21   1     0.00   0.04  -0.01     0.00  -0.42   0.57     0.00   0.46  -0.54
    22   1     0.15  -0.01   0.00     0.00   0.00   0.00     0.00   0.00   0.00
    23   1     0.08   0.22   0.00     0.00   0.00   0.00     0.00   0.00   0.00
    24   1    -0.28   0.07   0.00     0.00   0.00   0.00     0.00   0.00   0.00
    25   1     0.00   0.04   0.01     0.00  -0.42  -0.57     0.00  -0.46  -0.54
                     61                     62                     63
                      A                      A                      A
 Frequencies --   3211.0828              3211.4291              3219.4557
 Red. masses --      1.0910                 1.0915                 1.0918
 Frc consts  --      6.6278                 6.6322                 6.6675
 IR Inten    --     24.4967                 0.2652                 0.0217
  Atom  AN      X      Y      Z        X      Y      Z        X      Y      Z
     1   6     0.00   0.00   0.00     0.00   0.00   0.00     0.01  -0.01   0.00
     2   6     0.00  -0.01   0.00     0.00  -0.01   0.00     0.00   0.06   0.00
     3   6     0.00   0.00   0.00     0.00   0.00   0.00     0.00   0.00   0.00
     4   6     0.00   0.00   0.00     0.00   0.00   0.00     0.00   0.00   0.00
     5   6     0.00  -0.06   0.00     0.00  -0.06   0.00     0.00  -0.01   0.00
     6   6     0.01   0.01   0.00     0.01   0.01   0.00     0.00   0.00   0.00
     7   6     0.00   0.00   0.00     0.00   0.00   0.00     0.00   0.00   0.00
     8   6     0.00   0.00   0.00     0.00   0.00   0.00     0.00   0.00   0.00
     9   6     0.00   0.00   0.00     0.00   0.00   0.00     0.00   0.00   0.00
    10   6     0.00   0.00   0.00     0.00   0.00   0.00     0.00   0.00   0.00
    11   6     0.00   0.01   0.00     0.00  -0.01   0.00     0.00  -0.06   0.00
    12   1     0.00  -0.08   0.00     0.00   0.09   0.00     0.00   0.69   0.00
    13   6     0.00   0.00   0.00     0.00   0.00   0.00     0.01   0.01   0.00
    14   6     0.01  -0.01   0.00    -0.01   0.01   0.00     0.00   0.00   0.00
    15   6     0.00   0.06   0.00     0.00  -0.06   0.00     0.00   0.01   0.00
    16   1     0.00   0.00   0.00     0.00  -0.01   0.00     0.00   0.00   0.00
    17   1     0.03  -0.02   0.00     0.03  -0.02   0.00    -0.11   0.07   0.00
    18   1     0.00   0.08   0.00     0.00   0.09   0.00     0.00  -0.68   0.00
    19   1     0.00   0.69   0.00     0.00   0.69   0.00     0.00   0.09   0.00
    20   1    -0.09  -0.05   0.00    -0.09  -0.06   0.00     0.01   0.01   0.00
    21   1     0.00   0.00   0.00     0.00   0.00   0.00     0.00   0.00   0.00
    22   1     0.03   0.02   0.00    -0.03  -0.02   0.00    -0.11  -0.07   0.00
    23   1    -0.09   0.05   0.00     0.09  -0.06   0.00     0.01  -0.01   0.00
    24   1     0.00  -0.69   0.00     0.00   0.69   0.00     0.00  -0.09   0.00
    25   1     0.00   0.00   0.00     0.00   0.00   0.00     0.00   0.00   0.00
                     64                     65                     66
                      A                      A                      A
 Frequencies --   3219.6092              3224.4128              3245.3043
 Red. masses --      1.0918                 1.0908                 1.0917
 Frc consts  --      6.6679                 6.6819                 6.7744
 IR Inten    --      0.0445                 0.0004                 4.2763
  Atom  AN      X      Y      Z        X      Y      Z        X      Y      Z
     1   6    -0.01   0.01   0.00     0.00   0.00   0.00    -0.04   0.02   0.00
     2   6     0.00  -0.06   0.00     0.00  -0.01   0.00     0.00   0.01   0.00
     3   6     0.00   0.00   0.00     0.00   0.00   0.00     0.00   0.00   0.00
     4   6     0.00   0.00   0.00     0.00   0.00   0.00     0.00   0.00   0.00
     5   6     0.00   0.01   0.00     0.00   0.00   0.00     0.00   0.01   0.00
     6   6     0.00   0.00   0.00     0.00   0.00   0.00     0.03   0.02   0.00
     7   6     0.00   0.01   0.00     0.00  -0.09   0.00     0.00   0.00   0.00
     8   6     0.00   0.00   0.00     0.00   0.00   0.00     0.00   0.00   0.00
     9   6     0.00   0.00   0.00     0.00   0.00   0.00     0.00   0.00   0.00
    10   6     0.00   0.00   0.00     0.00   0.00   0.00     0.00   0.00   0.00
    11   6     0.00  -0.06   0.00     0.00  -0.01   0.00     0.00  -0.01   0.00
    12   1     0.00   0.68   0.00     0.00   0.10   0.00     0.00   0.12   0.00
    13   6     0.01   0.01   0.00     0.00   0.00   0.00    -0.04  -0.02   0.00
    14   6     0.00   0.00   0.00     0.00   0.00   0.00     0.03  -0.02   0.00
    15   6     0.00   0.01   0.00     0.00   0.00   0.00     0.00  -0.01   0.00
    16   1     0.00  -0.15   0.00     0.00   0.98   0.00     0.00   0.00   0.00
    17   1     0.11  -0.07   0.00     0.02  -0.01   0.00     0.47  -0.28   0.00
    18   1     0.00   0.68   0.00     0.00   0.10   0.00     0.00  -0.12   0.00
    19   1     0.00  -0.09   0.00     0.00  -0.01   0.00     0.00  -0.07   0.00
    20   1    -0.01   0.00   0.00     0.00   0.00   0.00    -0.36  -0.21   0.00
    21   1     0.00   0.00   0.00     0.00   0.00   0.00     0.00   0.00   0.00
    22   1    -0.11  -0.07   0.00    -0.02  -0.01   0.00     0.47   0.28   0.00
    23   1     0.01   0.00   0.00     0.00   0.00   0.00    -0.36   0.21   0.00
    24   1     0.00  -0.09   0.00     0.00  -0.01   0.00     0.00   0.07   0.00
    25   1     0.00   0.00   0.00     0.00   0.00   0.00     0.00   0.00   0.00
                     67                     68                     69
                      A                      A                      A
 Frequencies --   3245.4450              3256.8863              3257.4082
 Red. masses --      1.0915                 1.0983                 1.0989
 Frc consts  --      6.7740                 6.8638                 6.8700
 IR Inten    --      0.3049                40.4212                 0.2365
  Atom  AN      X      Y      Z        X      Y      Z        X      Y      Z
     1   6     0.04  -0.02   0.00    -0.03   0.02   0.00    -0.03   0.02   0.00
     2   6     0.00  -0.01   0.00     0.00   0.01   0.00     0.00   0.01   0.00
     3   6     0.00   0.00   0.00     0.00   0.00   0.00     0.00   0.00   0.00
     4   6     0.00   0.00   0.00     0.00   0.00   0.00     0.00   0.00   0.00
     5   6     0.00  -0.01   0.00     0.00  -0.01   0.00     0.00  -0.01   0.00
     6   6    -0.03  -0.02   0.00    -0.04  -0.03   0.00    -0.04  -0.03   0.00
     7   6     0.00   0.00   0.00     0.00   0.00   0.00     0.00   0.00   0.00
     8   6     0.00   0.00   0.00     0.00   0.00   0.00     0.00   0.00   0.00
     9   6     0.00   0.00   0.00     0.00   0.00   0.00     0.00   0.00   0.00
    10   6     0.00   0.00   0.00     0.00   0.00   0.00     0.00   0.00   0.00
    11   6     0.00  -0.01   0.00     0.00  -0.01   0.00     0.00   0.01   0.00
    12   1     0.00   0.12   0.00     0.00   0.06   0.00     0.00  -0.06   0.00
    13   6    -0.04  -0.02   0.00    -0.03  -0.02   0.00     0.03   0.02   0.00
    14   6     0.03  -0.02   0.00    -0.04   0.03   0.00     0.04  -0.03   0.00
    15   6     0.00  -0.01   0.00     0.00   0.01   0.00     0.00  -0.01   0.00
    16   1     0.00  -0.01   0.00     0.00   0.00   0.00     0.00  -0.01   0.00
    17   1    -0.48   0.29   0.00     0.36  -0.22   0.00     0.35  -0.21   0.00
    18   1     0.00   0.12   0.00     0.00  -0.06   0.00     0.00  -0.06   0.00
    19   1     0.00   0.07   0.00     0.00   0.07   0.00     0.00   0.07   0.00
    20   1     0.35   0.20   0.00     0.48   0.28   0.00     0.49   0.28   0.00
    21   1     0.00   0.00   0.00     0.00   0.00   0.00     0.00   0.00   0.00
    22   1     0.48   0.29   0.00     0.36   0.22   0.00    -0.35  -0.21   0.00
    23   1    -0.35   0.20   0.00     0.48  -0.28   0.00    -0.49   0.28   0.00
    24   1     0.00   0.07   0.00     0.00  -0.07   0.00     0.00   0.07   0.00
    25   1     0.00   0.00   0.00     0.00   0.00   0.00     0.00   0.00   0.00
