                      1                      2                      3
                      A                      A                      A
 Frequencies --     57.9019               104.5733               183.2110
 Red. masses --      3.3576                 3.8555                 2.1081
 Frc consts  --      0.0066                 0.0248                 0.0417
 IR Inten    --      0.0365                 0.0000                 6.1307
  Atom  AN      X      Y      Z        X      Y      Z        X      Y      Z
     1   6     0.00   0.00   0.13     0.00   0.00   0.12     0.00   0.00   0.12
     2   6     0.00   0.00  -0.01     0.00   0.00   0.21     0.00   0.00   0.02
     3   6     0.00   0.00  -0.10     0.00   0.00   0.10     0.00   0.00  -0.07
     4   6     0.00   0.00  -0.08     0.00   0.00  -0.04     0.00   0.00  -0.07
     5   6     0.00   0.00   0.06     0.00   0.00  -0.20     0.00   0.00  -0.09
     6   6     0.00   0.00   0.18     0.00   0.00  -0.13     0.00   0.00   0.02
     7   6     0.00   0.00  -0.15     0.00   0.00   0.00     0.00   0.00  -0.10
     8   6     0.00   0.00  -0.23     0.00   0.00   0.00     0.00   0.00   0.14
     9   6     0.00   0.00  -0.08     0.00   0.00   0.04     0.00   0.00  -0.07
    10   6     0.00   0.00  -0.10     0.00   0.00  -0.10     0.00   0.00  -0.07
    11   6     0.00   0.00  -0.01     0.00   0.00  -0.21     0.00   0.00   0.02
    12   1     0.00   0.00  -0.04     0.00   0.00  -0.35     0.00   0.00   0.05
    13   6     0.00   0.00   0.13     0.00   0.00  -0.12     0.00   0.00   0.12
    14   6     0.00   0.00   0.18     0.00   0.00   0.13     0.00   0.00   0.02
    15   6     0.00   0.00   0.06     0.00   0.00   0.20     0.00   0.00  -0.09
    16   1     0.00   0.00  -0.18     0.00   0.00   0.00     0.00   0.00  -0.12
    17   1     0.00   0.00   0.22     0.00   0.00   0.21     0.00   0.00   0.24
    18   1     0.00   0.00  -0.04     0.00   0.00   0.35     0.00   0.00   0.05
    19   1     0.00   0.00   0.09     0.00   0.00  -0.37     0.00   0.00  -0.14
    20   1     0.00   0.00   0.30     0.00   0.00  -0.26     0.00   0.00   0.04
    21   1     0.00  -0.23  -0.41    -0.04   0.00   0.00     0.00   0.39   0.46
    22   1     0.00   0.00   0.22     0.00   0.00  -0.21     0.00   0.00   0.24
    23   1     0.00   0.00   0.30     0.00   0.00   0.26     0.00   0.00   0.04
    24   1     0.00   0.00   0.09     0.00   0.00   0.37     0.00   0.00  -0.14
    25   1     0.00   0.23  -0.41     0.04   0.00   0.00     0.00  -0.39   0.46
                      4                      5                      6
                      A                      A                      A
 Frequencies --    223.6917               233.4912               321.0512
 Red. masses --      4.6308                 4.3684                 2.7217
 Frc consts  --      0.1365                 0.1403                 0.1653
 IR Inten    --      0.0000                 0.2181                 9.7537
  Atom  AN      X      Y      Z        X      Y      Z        X      Y      Z
     1   6     0.00   0.00  -0.16     0.06   0.17   0.00     0.00   0.00  -0.06
     2   6     0.00   0.00   0.12     0.13   0.02   0.00     0.00   0.00  -0.09
     3   6     0.00   0.00   0.21     0.02  -0.13   0.00     0.00   0.00   0.00
     4   6     0.00   0.00   0.20    -0.03  -0.13   0.00     0.00   0.00  -0.13
     5   6     0.00   0.00   0.16    -0.12   0.03   0.00     0.00   0.00  -0.02
     6   6     0.00   0.00  -0.12    -0.05   0.17   0.00     0.00   0.00   0.13
     7   6     0.00   0.00   0.00     0.00  -0.15   0.00     0.00   0.00   0.26
     8   6     0.00   0.00   0.00     0.00  -0.16   0.00     0.00   0.00  -0.02
     9   6     0.00   0.00  -0.20     0.03  -0.13   0.00     0.00   0.00  -0.13
    10   6     0.00   0.00  -0.21    -0.02  -0.13   0.00     0.00   0.00   0.00
    11   6     0.00   0.00  -0.12    -0.13   0.02   0.00     0.00   0.00  -0.09
    12   1     0.00   0.00  -0.16    -0.28   0.01   0.00     0.00   0.00  -0.13
    13   6     0.00   0.00   0.16    -0.06   0.17   0.00     0.00   0.00  -0.06
    14   6     0.00   0.00   0.12     0.05   0.17   0.00     0.00   0.00   0.13
    15   6     0.00   0.00  -0.16     0.12   0.03   0.00     0.00   0.00  -0.02
    16   1     0.00   0.00   0.00     0.00  -0.15   0.00     0.00   0.00   0.62
    17   1     0.00   0.00  -0.38     0.11   0.25   0.00     0.00   0.00  -0.08
    18   1     0.00   0.00   0.16     0.28   0.01   0.00     0.00   0.00  -0.13
    19   1     0.00   0.00   0.19    -0.28   0.03   0.00     0.00   0.00   0.03
    20   1     0.00   0.00  -0.32    -0.09   0.26   0.00     0.00   0.00   0.35
    21   1     0.16   0.00   0.00     0.00  -0.15   0.00     0.00   0.24   0.17
    22   1     0.00   0.00   0.38    -0.11   0.25   0.00     0.00   0.00  -0.08
    23   1     0.00   0.00   0.32     0.09   0.26   0.00     0.00   0.00   0.35
    24   1     0.00   0.00  -0.19     0.28   0.03   0.00     0.00   0.00   0.03
    25   1    -0.16   0.00   0.00     0.00  -0.15   0.00     0.00  -0.24   0.17
                      7                      8                      9
                      A                      A                      A
 Frequencies --    378.5052               384.2475               414.9462
 Red. masses --      4.7640                 6.8095                 2.6821
 Frc consts  --      0.4021                 0.5924                 0.2721
 IR Inten    --      3.5670                 0.1443                 7.4595
  Atom  AN      X      Y      Z        X      Y      Z        X      Y      Z
     1   6    -0.08  -0.03   0.00     0.25   0.00   0.00     0.00   0.00   0.07
     2   6    -0.15   0.12   0.00     0.21   0.04   0.00     0.00   0.00  -0.15
     3   6    -0.06   0.20   0.00     0.12   0.00   0.00     0.00   0.00   0.10
     4   6     0.07   0.20   0.00     0.14   0.00   0.00     0.00   0.00   0.11
     5   6     0.15   0.10   0.00     0.22  -0.04   0.00     0.00   0.00  -0.15
     6   6     0.08  -0.04   0.00     0.27   0.00   0.00     0.00   0.00   0.06
     7   6     0.02   0.00   0.00     0.00   0.08   0.00     0.00   0.00   0.02
     8   6    -0.02   0.00   0.00     0.00  -0.07   0.00     0.00   0.00   0.05
     9   6     0.07  -0.20   0.00    -0.14   0.00   0.00     0.00   0.00   0.11
    10   6    -0.06  -0.20   0.00    -0.12   0.00   0.00     0.00   0.00   0.10
    11   6    -0.15  -0.12   0.00    -0.21   0.04   0.00     0.00   0.00  -0.15
    12   1    -0.27  -0.12   0.00    -0.23   0.03   0.00     0.00   0.00  -0.39
    13   6    -0.08   0.03   0.00    -0.25   0.00   0.00     0.00   0.00   0.07
    14   6     0.08   0.04   0.00    -0.27   0.00   0.00     0.00   0.00   0.06
    15   6     0.15  -0.10   0.00    -0.22  -0.04   0.00     0.00   0.00  -0.15
    16   1     0.26   0.00   0.00     0.00   0.08   0.00     0.00   0.00  -0.20
    17   1    -0.15  -0.15   0.00     0.23  -0.05   0.00     0.00   0.00   0.09
    18   1    -0.27   0.12   0.00     0.23   0.03   0.00     0.00   0.00  -0.39
    19   1     0.27   0.09   0.00     0.24  -0.04   0.00     0.00   0.00  -0.39
    20   1     0.14  -0.16   0.00     0.25   0.03   0.00     0.00   0.00   0.10
    21   1    -0.19   0.00   0.00     0.00  -0.06   0.01     0.00  -0.24  -0.15
    22   1    -0.15   0.15   0.00    -0.23  -0.05   0.00     0.00   0.00   0.09
    23   1     0.14   0.16   0.00    -0.25   0.03   0.00     0.00   0.00   0.10
    24   1     0.27  -0.09   0.00    -0.24  -0.04   0.00     0.00   0.00  -0.39
    25   1    -0.19   0.00   0.00     0.00  -0.06  -0.01     0.00   0.24  -0.15
                     10                     11                     12
                      A                      A                      A
 Frequencies --    446.2016               490.6739               520.9014
 Red. masses --      3.1658                 3.1259                 2.6125
 Frc consts  --      0.3714                 0.4434                 0.4177
 IR Inten    --      0.0000                 0.0000                 0.6636
  Atom  AN      X      Y      Z        X      Y      Z        X      Y      Z
     1   6     0.00   0.00   0.02     0.00   0.00   0.17     0.00   0.00  -0.12
     2   6     0.00   0.00   0.10     0.00   0.00  -0.12     0.00   0.00   0.08
     3   6     0.00   0.00  -0.20     0.00   0.00  -0.05     0.00   0.00   0.15
     4   6     0.00   0.00  -0.10     0.00   0.00   0.19     0.00   0.00  -0.04
     5   6     0.00   0.00   0.15     0.00   0.00   0.02     0.00   0.00  -0.05
     6   6     0.00   0.00  -0.12     0.00   0.00  -0.12     0.00   0.00   0.11
     7   6     0.00   0.00   0.00     0.00   0.00   0.00     0.00   0.00  -0.15
     8   6     0.00   0.00   0.00     0.00   0.00   0.00     0.00   0.00  -0.07
     9   6     0.00   0.00   0.10     0.00   0.00  -0.19     0.00   0.00  -0.04
    10   6     0.00   0.00   0.20     0.00   0.00   0.05     0.00   0.00   0.15
    11   6     0.00   0.00  -0.10     0.00   0.00   0.12     0.00   0.00   0.08
    12   1     0.00   0.00  -0.37     0.00   0.00   0.30     0.00   0.00   0.10
    13   6     0.00   0.00  -0.02     0.00   0.00  -0.17     0.00   0.00  -0.12
    14   6     0.00   0.00   0.12     0.00   0.00   0.12     0.00   0.00   0.11
    15   6     0.00   0.00  -0.15     0.00   0.00  -0.02     0.00   0.00  -0.05
    16   1     0.00   0.00   0.00     0.00   0.00   0.00     0.00   0.00  -0.59
    17   1     0.00   0.00   0.14     0.00   0.00   0.30     0.00   0.00  -0.30
    18   1     0.00   0.00   0.37     0.00   0.00  -0.30     0.00   0.00   0.10
    19   1     0.00   0.00   0.41     0.00   0.00  -0.12     0.00   0.00  -0.13
    20   1     0.00   0.00  -0.26     0.00   0.00  -0.41     0.00   0.00   0.26
    21   1    -0.11   0.00   0.00     0.20   0.00   0.00     0.00   0.23   0.12
    22   1     0.00   0.00  -0.14     0.00   0.00  -0.30     0.00   0.00  -0.30
    23   1     0.00   0.00   0.26     0.00   0.00   0.41     0.00   0.00   0.26
    24   1     0.00   0.00  -0.41     0.00   0.00   0.12     0.00   0.00  -0.13
    25   1     0.11   0.00   0.00    -0.20   0.00   0.00     0.00  -0.23   0.12
                     13                     14                     15
                      A                      A                      A
 Frequencies --    525.6704               595.3570               610.7452
 Red. masses --      5.8591                 6.4439                 6.5378
 Frc consts  --      0.9539                 1.3457                 1.4368
 IR Inten    --     39.6255                 3.9387                20.4027
  Atom  AN      X      Y      Z        X      Y      Z        X      Y      Z
     1   6    -0.13   0.15   0.00     0.14   0.00   0.00    -0.18  -0.02   0.00
     2   6    -0.09   0.04   0.00     0.02   0.18   0.00    -0.02  -0.24   0.00
     3   6    -0.14  -0.10   0.00    -0.11  -0.01   0.00     0.14  -0.02   0.00
     4   6     0.14  -0.12   0.00    -0.16   0.03   0.00     0.13   0.03   0.00
     5   6     0.08   0.03   0.00    -0.07  -0.22   0.00    -0.01   0.25   0.00
     6   6     0.11   0.15   0.00     0.07  -0.05   0.00    -0.20   0.02   0.00
     7   6    -0.24   0.00   0.00     0.00  -0.26   0.00     0.15   0.00   0.00
     8   6     0.27   0.00   0.00     0.00   0.35   0.00     0.13   0.00   0.00
     9   6     0.14   0.12   0.00     0.16   0.03   0.00     0.13  -0.03   0.00
    10   6    -0.14   0.10   0.00     0.11  -0.01   0.00     0.14   0.02   0.00
    11   6    -0.09  -0.04   0.00    -0.02   0.18   0.00    -0.02   0.24   0.00
    12   1     0.10  -0.03   0.00    -0.02   0.18   0.00    -0.04   0.24   0.00
    13   6    -0.13  -0.15   0.00    -0.14   0.00   0.00    -0.18   0.02   0.00
    14   6     0.11  -0.15   0.00    -0.07  -0.05   0.00    -0.20  -0.02   0.00
    15   6     0.08  -0.03   0.00     0.07  -0.22   0.00    -0.01  -0.25   0.00
    16   1    -0.35   0.00   0.00     0.00  -0.26   0.00     0.19   0.00   0.00
    17   1    -0.17   0.08   0.00     0.07  -0.11   0.00    -0.06   0.18   0.00
    18   1     0.10   0.03   0.00     0.02   0.18   0.00    -0.04  -0.24   0.00
    19   1    -0.13   0.04   0.00    -0.04  -0.22   0.00     0.00   0.25   0.00
    20   1     0.15   0.07   0.00    -0.04   0.15   0.00    -0.09  -0.18   0.00
    21   1     0.36   0.00   0.00     0.00   0.31  -0.03     0.17   0.00   0.00
    22   1    -0.17  -0.08   0.00    -0.07  -0.11   0.00    -0.06  -0.18   0.00
    23   1     0.15  -0.07   0.00     0.04   0.15   0.00    -0.09   0.18   0.00
    24   1    -0.13  -0.04   0.00     0.04  -0.22   0.00     0.00  -0.25   0.00
    25   1     0.36   0.00   0.00     0.00   0.31   0.03     0.17   0.00   0.00
                     16                     17                     18
                      A                      A                      A
 Frequencies --    670.2230               676.8238               743.0507
 Red. masses --      6.0332                 2.2223                 2.4960
 Frc consts  --      1.5968                 0.5998                 0.8120
 IR Inten    --      0.0559                15.9099                 0.0000
  Atom  AN      X      Y      Z        X      Y      Z        X      Y      Z
     1   6    -0.18   0.10   0.00     0.00   0.00   0.09     0.00   0.00   0.09
     2   6    -0.18   0.12   0.00     0.00   0.00  -0.07     0.00   0.00  -0.04
     3   6    -0.14  -0.04   0.00     0.00   0.00   0.11     0.00   0.00   0.14
     4   6     0.08  -0.05   0.00     0.00   0.00  -0.05     0.00   0.00  -0.17
     5   6     0.14  -0.01   0.00     0.00   0.00   0.10     0.00   0.00   0.08
     6   6     0.21   0.08   0.00     0.00   0.00  -0.05     0.00   0.00  -0.03
     7   6     0.00  -0.23   0.00     0.00   0.00   0.01     0.00   0.00   0.00
     8   6     0.00  -0.14   0.00     0.00   0.00  -0.16     0.00   0.00   0.00
     9   6    -0.08  -0.05   0.00     0.00   0.00  -0.05     0.00   0.00   0.17
    10   6     0.14  -0.04   0.00     0.00   0.00   0.11     0.00   0.00  -0.14
    11   6     0.18   0.12   0.00     0.00   0.00  -0.07     0.00   0.00   0.04
    12   1     0.06   0.12   0.00     0.00   0.00  -0.35     0.00   0.00   0.47
    13   6     0.18   0.10   0.00     0.00   0.00   0.09     0.00   0.00  -0.09
    14   6    -0.21   0.08   0.00     0.00   0.00  -0.05     0.00   0.00   0.03
    15   6    -0.14  -0.01   0.00     0.00   0.00   0.10     0.00   0.00  -0.08
    16   1     0.00  -0.23   0.00     0.00   0.00  -0.17     0.00   0.00   0.00
    17   1    -0.33  -0.13   0.00     0.00   0.00  -0.03     0.00   0.00  -0.18
    18   1    -0.06   0.12   0.00     0.00   0.00  -0.35     0.00   0.00  -0.47
    19   1     0.02   0.00   0.00     0.00   0.00  -0.01     0.00   0.00   0.08
    20   1     0.29  -0.06   0.00     0.00   0.00  -0.36     0.00   0.00  -0.34
    21   1     0.00  -0.12   0.01     0.00   0.39   0.16    -0.25   0.00   0.00
    22   1     0.33  -0.13   0.00     0.00   0.00  -0.03     0.00   0.00   0.18
    23   1    -0.29  -0.06   0.00     0.00   0.00  -0.36     0.00   0.00   0.34
    24   1    -0.02   0.00   0.00     0.00   0.00  -0.01     0.00   0.00  -0.08
    25   1     0.00  -0.12  -0.01     0.00  -0.39   0.16     0.25   0.00   0.00
                     19                     20                     21
                      A                      A                      A
 Frequencies --    753.1517               792.9476               803.1188
 Red. masses --      5.2844                 1.3186                 1.4779
 Frc consts  --      1.7661                 0.4885                 0.5616
 IR Inten    --      0.0235                71.5556                 0.0000
  Atom  AN      X      Y      Z        X      Y      Z        X      Y      Z
     1   6     0.04  -0.01   0.00     0.00   0.00   0.02     0.00   0.00   0.01
     2   6    -0.05   0.20   0.00     0.00   0.00   0.07     0.00   0.00   0.08
     3   6    -0.02   0.13   0.00     0.00   0.00  -0.07     0.00   0.00  -0.10
     4   6    -0.06  -0.08   0.00     0.00   0.00   0.01     0.00   0.00   0.02
     5   6    -0.08  -0.17   0.00     0.00   0.00   0.01     0.00   0.00   0.01
     6   6    -0.01  -0.03   0.00     0.00   0.00   0.06     0.00   0.00   0.07
     7   6     0.00   0.26   0.00     0.00   0.00  -0.02     0.00   0.00   0.00
     8   6     0.00  -0.32   0.00     0.00   0.00   0.01     0.00   0.00   0.00
     9   6     0.06  -0.08   0.00     0.00   0.00   0.01     0.00   0.00  -0.02
    10   6     0.02   0.13   0.00     0.00   0.00  -0.07     0.00   0.00   0.10
    11   6     0.05   0.20   0.00     0.00   0.00   0.07     0.00   0.00  -0.08
    12   1     0.19   0.21   0.00     0.00   0.00  -0.29     0.00   0.00   0.20
    13   6    -0.04  -0.01   0.00     0.00   0.00   0.02     0.00   0.00  -0.01
    14   6     0.01  -0.03   0.00     0.00   0.00   0.06     0.00   0.00  -0.07
    15   6     0.08  -0.17   0.00     0.00   0.00   0.01     0.00   0.00  -0.01
    16   1     0.00   0.27   0.00     0.00   0.00   0.26     0.00   0.00   0.00
    17   1    -0.04  -0.14   0.00     0.00   0.00  -0.44     0.00   0.00  -0.46
    18   1    -0.19   0.21   0.00     0.00   0.00  -0.29     0.00   0.00  -0.20
    19   1    -0.14  -0.17   0.00     0.00   0.00  -0.30     0.00   0.00  -0.37
    20   1    -0.11   0.14   0.00     0.00   0.00  -0.29     0.00   0.00  -0.31
    21   1     0.00  -0.29   0.02     0.00  -0.02  -0.01     0.01   0.00   0.00
    22   1     0.04  -0.14   0.00     0.00   0.00  -0.44     0.00   0.00   0.46
    23   1     0.11   0.14   0.00     0.00   0.00  -0.29     0.00   0.00   0.31
    24   1     0.14  -0.17   0.00     0.00   0.00  -0.30     0.00   0.00   0.37
    25   1     0.00  -0.29  -0.02     0.00   0.02  -0.01    -0.01   0.00   0.00
                     22                     23                     24
                      A                      A                      A
 Frequencies --    827.9131               868.6334               892.9543
 Red. masses --      3.2362                 1.6861                 5.6329
 Frc consts  --      1.3069                 0.7496                 2.6463
 IR Inten    --      4.9431                 1.9151                 0.0594
  Atom  AN      X      Y      Z        X      Y      Z        X      Y      Z
     1   6    -0.01  -0.01   0.00     0.00   0.00  -0.04     0.14  -0.11   0.00
     2   6    -0.04   0.14   0.00     0.00   0.00  -0.04     0.01   0.17   0.00
     3   6     0.03   0.10   0.00     0.00   0.00  -0.06    -0.06   0.03   0.00
     4   6     0.02  -0.06   0.00     0.00   0.00   0.11     0.03   0.08   0.00
     5   6    -0.08  -0.09   0.00     0.00   0.00   0.03     0.02   0.21   0.00
     6   6    -0.11  -0.04   0.00     0.00   0.00   0.04    -0.13  -0.10   0.00
     7   6     0.14   0.00   0.00     0.00   0.00   0.03     0.00  -0.29   0.00
     8   6     0.23   0.00   0.00     0.00   0.00  -0.13     0.00  -0.21   0.00
     9   6     0.02   0.06   0.00     0.00   0.00   0.11    -0.03   0.08   0.00
    10   6     0.03  -0.10   0.00     0.00   0.00  -0.06     0.06   0.03   0.00
    11   6    -0.04  -0.14   0.00     0.00   0.00  -0.04    -0.01   0.17   0.00
    12   1    -0.18  -0.16   0.00     0.00   0.00   0.37     0.15   0.18   0.00
    13   6    -0.01   0.01   0.00     0.00   0.00  -0.04    -0.14  -0.11   0.00
    14   6    -0.11   0.04   0.00     0.00   0.00   0.04     0.13  -0.10   0.00
    15   6    -0.08   0.09   0.00     0.00   0.00   0.03    -0.02   0.21   0.00
    16   1     0.39   0.00   0.00     0.00   0.00   0.03     0.00  -0.30   0.00
    17   1    -0.04  -0.04   0.00     0.00   0.00   0.19     0.14  -0.11   0.00
    18   1    -0.18   0.16   0.00     0.00   0.00   0.37    -0.15   0.18   0.00
    19   1    -0.13  -0.10   0.00     0.00   0.00  -0.44     0.25   0.20   0.00
    20   1    -0.17   0.06   0.00     0.00   0.00  -0.09    -0.12  -0.13   0.00
    21   1     0.45   0.00   0.00     0.00   0.28   0.10     0.00  -0.16   0.04
    22   1    -0.04   0.04   0.00     0.00   0.00   0.19    -0.14  -0.11   0.00
    23   1    -0.17  -0.06   0.00     0.00   0.00  -0.09     0.12  -0.13   0.00
    24   1    -0.13   0.10   0.00     0.00   0.00  -0.44    -0.25   0.20   0.00
    25   1     0.45   0.00   0.00     0.00  -0.28   0.10     0.00  -0.16  -0.04
                     25                     26                     27
                      A                      A                      A
 Frequencies --    910.5321               915.3573               951.3746
 Red. masses --      5.2063                 1.3270                 1.8442
 Frc consts  --      2.5431                 0.6551                 0.9835
 IR Inten    --      0.7925                 0.0000                 9.2716
  Atom  AN      X      Y      Z        X      Y      Z        X      Y      Z
     1   6    -0.21   0.11   0.00     0.00   0.00  -0.03     0.00   0.00  -0.01
     2   6    -0.07  -0.08   0.00     0.00   0.00  -0.07     0.00   0.00  -0.06
     3   6     0.13   0.02   0.00     0.00   0.00   0.03     0.00   0.00   0.03
     4   6    -0.05  -0.06   0.00     0.00   0.00  -0.03     0.00   0.00  -0.13
     5   6     0.01  -0.17   0.00     0.00   0.00   0.08     0.00   0.00   0.07
     6   6     0.16   0.08   0.00     0.00   0.00   0.04     0.00   0.00   0.05
     7   6     0.24   0.00   0.00     0.00   0.00   0.00     0.00   0.00   0.03
     8   6    -0.13   0.00   0.00     0.00   0.00   0.00     0.00   0.00   0.14
     9   6    -0.05   0.06   0.00     0.00   0.00   0.03     0.00   0.00  -0.13
    10   6     0.13  -0.02   0.00     0.00   0.00  -0.03     0.00   0.00   0.03
    11   6    -0.07   0.08   0.00     0.00   0.00   0.07     0.00   0.00  -0.06
    12   1     0.00   0.08   0.00     0.00   0.00  -0.38     0.00   0.00   0.34
    13   6    -0.21  -0.11   0.00     0.00   0.00   0.03     0.00   0.00  -0.01
    14   6     0.16  -0.08   0.00     0.00   0.00  -0.04     0.00   0.00   0.05
    15   6     0.01   0.17   0.00     0.00   0.00  -0.08     0.00   0.00   0.07
    16   1     0.43   0.00   0.00     0.00   0.00   0.00     0.00   0.00  -0.30
    17   1    -0.29  -0.02   0.00     0.00   0.00   0.22     0.00   0.00   0.04
    18   1     0.00  -0.08   0.00     0.00   0.00   0.38     0.00   0.00   0.34
    19   1    -0.17  -0.17   0.00     0.00   0.00  -0.48     0.00   0.00  -0.33
    20   1     0.20   0.00   0.00     0.00   0.00  -0.22     0.00   0.00  -0.32
    21   1    -0.16   0.00   0.00    -0.11   0.00   0.00     0.00  -0.28  -0.10
    22   1    -0.29   0.02   0.00     0.00   0.00  -0.22     0.00   0.00   0.04
    23   1     0.20   0.00   0.00     0.00   0.00   0.22     0.00   0.00  -0.32
    24   1    -0.17   0.17   0.00     0.00   0.00   0.48     0.00   0.00  -0.33
    25   1    -0.16   0.00   0.00     0.11   0.00   0.00     0.00   0.28  -0.10
                     28                     29                     30
                      A                      A                      A
 Frequencies --    996.8927              1004.7606              1036.9687
 Red. masses --      1.3952                 1.3566                 1.5805
 Frc consts  --      0.8169                 0.8069                 1.0013
 IR Inten    --      0.0596                 0.0000                 8.5704
  Atom  AN      X      Y      Z        X      Y      Z        X      Y      Z
     1   6     0.00   0.00   0.06     0.00   0.00  -0.06     0.00   0.00   0.00
     2   6     0.00   0.00  -0.05     0.00   0.00   0.08     0.00   0.00   0.05
     3   6     0.00   0.00  -0.03     0.00   0.00  -0.01     0.00   0.00  -0.07
     4   6     0.00   0.00   0.03     0.00   0.00  -0.01     0.00   0.00  -0.01
     5   6     0.00   0.00  -0.07     0.00   0.00   0.06     0.00   0.00   0.04
     6   6     0.00   0.00   0.03     0.00   0.00  -0.05     0.00   0.00  -0.05
     7   6     0.00   0.00   0.08     0.00   0.00   0.00     0.00   0.00   0.17
     8   6     0.00   0.00  -0.03     0.00   0.00   0.00     0.00   0.00   0.00
     9   6     0.00   0.00   0.03     0.00   0.00   0.01     0.00   0.00  -0.01
    10   6     0.00   0.00  -0.03     0.00   0.00   0.01     0.00   0.00  -0.07
    11   6     0.00   0.00  -0.05     0.00   0.00  -0.08     0.00   0.00   0.05
    12   1     0.00   0.00   0.31     0.00   0.00   0.43     0.00   0.00  -0.24
    13   6     0.00   0.00   0.06     0.00   0.00   0.06     0.00   0.00   0.00
    14   6     0.00   0.00   0.03     0.00   0.00   0.05     0.00   0.00  -0.05
    15   6     0.00   0.00  -0.07     0.00   0.00  -0.06     0.00   0.00   0.04
    16   1     0.00   0.00  -0.37     0.00   0.00   0.00     0.00   0.00  -0.81
    17   1     0.00   0.00  -0.41     0.00   0.00   0.37     0.00   0.00   0.00
    18   1     0.00   0.00   0.31     0.00   0.00  -0.43     0.00   0.00  -0.24
    19   1     0.00   0.00   0.34     0.00   0.00  -0.31     0.00   0.00  -0.18
    20   1     0.00   0.00  -0.18     0.00   0.00   0.26     0.00   0.00   0.25
    21   1     0.00   0.05   0.02    -0.02   0.00   0.00     0.00   0.00   0.00
    22   1     0.00   0.00  -0.41     0.00   0.00  -0.37     0.00   0.00   0.00
    23   1     0.00   0.00  -0.18     0.00   0.00  -0.26     0.00   0.00   0.25
    24   1     0.00   0.00   0.34     0.00   0.00   0.31     0.00   0.00  -0.18
    25   1     0.00  -0.05   0.02     0.02   0.00   0.00     0.00   0.00   0.00
                     31                     32                     33
                      A                      A                      A
 Frequencies --   1050.8833              1052.3717              1065.5152
 Red. masses --      1.3991                 1.4160                 2.1164
 Frc consts  --      0.9103                 0.9239                 1.4157
 IR Inten    --      0.0000                 0.1326                 6.0788
  Atom  AN      X      Y      Z        X      Y      Z        X      Y      Z
     1   6     0.00   0.00  -0.08     0.00   0.00  -0.08     0.07  -0.11   0.00
     2   6     0.00   0.00   0.03     0.00   0.00   0.04    -0.04  -0.05   0.00
     3   6     0.00   0.00   0.00     0.00   0.00  -0.02    -0.01   0.02   0.00
     4   6     0.00   0.00   0.00     0.00   0.00   0.01    -0.02  -0.03   0.00
     5   6     0.00   0.00  -0.05     0.00   0.00  -0.05    -0.05   0.08   0.00
     6   6     0.00   0.00   0.09     0.00   0.00   0.09     0.09   0.10   0.00
     7   6     0.00   0.00   0.00     0.00   0.00   0.05     0.02   0.00   0.00
     8   6     0.00   0.00   0.00     0.00   0.00  -0.01     0.01   0.00   0.00
     9   6     0.00   0.00   0.00     0.00   0.00   0.01    -0.02   0.03   0.00
    10   6     0.00   0.00   0.00     0.00   0.00  -0.02    -0.01  -0.02   0.00
    11   6     0.00   0.00  -0.03     0.00   0.00   0.04    -0.04   0.05   0.00
    12   1     0.00   0.00   0.16     0.00   0.00  -0.21    -0.34   0.04   0.00
    13   6     0.00   0.00   0.08     0.00   0.00  -0.08     0.07   0.11   0.00
    14   6     0.00   0.00  -0.09     0.00   0.00   0.09     0.09  -0.10   0.00
    15   6     0.00   0.00   0.05     0.00   0.00  -0.05    -0.05  -0.08   0.00
    16   1     0.00   0.00   0.00     0.00   0.00  -0.21     0.10   0.00   0.00
    17   1     0.00   0.00   0.39     0.00   0.00   0.39    -0.03  -0.30   0.00
    18   1     0.00   0.00  -0.16     0.00   0.00  -0.21    -0.34  -0.04   0.00
    19   1     0.00   0.00   0.26     0.00   0.00   0.25    -0.41   0.10   0.00
    20   1     0.00   0.00  -0.48     0.00   0.00  -0.45     0.05   0.20   0.00
    21   1     0.01   0.00   0.00     0.00   0.02   0.00     0.12   0.00   0.00
    22   1     0.00   0.00  -0.39     0.00   0.00   0.39    -0.03   0.30   0.00
    23   1     0.00   0.00   0.48     0.00   0.00  -0.45     0.05  -0.20   0.00
    24   1     0.00   0.00  -0.26     0.00   0.00   0.25    -0.41  -0.10   0.00
    25   1    -0.01   0.00   0.00     0.00  -0.02   0.00     0.12   0.00   0.00
                     34                     35                     36
                      A                      A                      A
 Frequencies --   1066.8771              1133.8445              1160.9189
 Red. masses --      2.2444                 2.0239                 1.6634
 Frc consts  --      1.5051                 1.5330                 1.3208
 IR Inten    --      1.0559                 0.2998                 8.8989
  Atom  AN      X      Y      Z        X      Y      Z        X      Y      Z
     1   6    -0.08   0.12   0.00    -0.03  -0.02   0.00     0.02   0.02   0.00
     2   6     0.05   0.06   0.00     0.02   0.13   0.00    -0.03  -0.09   0.00
     3   6     0.02  -0.01   0.00     0.05  -0.08   0.00    -0.03   0.05   0.00
     4   6     0.03   0.01   0.00     0.01  -0.07   0.00    -0.03   0.07   0.00
     5   6     0.06  -0.08   0.00    -0.02   0.09   0.00     0.04  -0.06   0.00
     6   6    -0.10  -0.10   0.00     0.00  -0.06   0.00     0.00   0.05   0.00
     7   6     0.00   0.00   0.00     0.04   0.00   0.00     0.00  -0.06   0.00
     8   6     0.00   0.00   0.00    -0.06   0.00   0.00     0.00  -0.08   0.00
     9   6    -0.03   0.01   0.00     0.01   0.07   0.00     0.03   0.07   0.00
    10   6    -0.02  -0.01   0.00     0.05   0.08   0.00     0.03   0.05   0.00
    11   6    -0.05   0.06   0.00     0.02  -0.13   0.00     0.03  -0.09   0.00
    12   1    -0.35   0.05   0.00     0.19  -0.13   0.00     0.29  -0.08   0.00
    13   6     0.08   0.12   0.00    -0.03   0.02   0.00    -0.02   0.02   0.00
    14   6     0.10  -0.10   0.00     0.00   0.06   0.00     0.00   0.05   0.00
    15   6    -0.06  -0.08   0.00    -0.02  -0.09   0.00    -0.04  -0.06   0.00
    16   1     0.00   0.00   0.00    -0.14   0.00   0.00     0.00  -0.06   0.00
    17   1     0.02   0.30   0.00    -0.24  -0.35   0.00     0.19   0.28   0.00
    18   1     0.35   0.05   0.00     0.19   0.13   0.00    -0.29  -0.08   0.00
    19   1     0.41  -0.10   0.00    -0.17   0.10   0.00     0.33  -0.08   0.00
    20   1    -0.05  -0.22   0.00     0.17  -0.37   0.00    -0.16   0.35   0.00
    21   1     0.00   0.01   0.01    -0.06   0.00   0.00     0.00  -0.03   0.04
    22   1    -0.02   0.30   0.00    -0.24   0.35   0.00    -0.19   0.28   0.00
    23   1     0.05  -0.22   0.00     0.17   0.37   0.00     0.16   0.35   0.00
    24   1    -0.41  -0.10   0.00    -0.17  -0.10   0.00    -0.33  -0.08   0.00
    25   1     0.00   0.01  -0.01    -0.06   0.00   0.00     0.00  -0.03  -0.04
                     37                     38                     39
                      A                      A                      A
 Frequencies --   1178.7565              1190.8076              1201.9944
 Red. masses --      1.2494                 1.0946                 1.1188
 Frc consts  --      1.0228                 0.9145                 0.9524
 IR Inten    --     86.3205                 9.2542                 0.0000
  Atom  AN      X      Y      Z        X      Y      Z        X      Y      Z
     1   6    -0.03  -0.03   0.00     0.02   0.03   0.00     0.00   0.00   0.00
     2   6     0.04  -0.01   0.00    -0.02   0.00   0.00     0.00   0.00   0.00
     3   6    -0.04   0.01   0.00     0.00   0.01   0.00     0.00   0.00   0.01
     4   6    -0.06   0.03   0.00     0.02  -0.02   0.00     0.00   0.00  -0.07
     5   6     0.02   0.01   0.00    -0.01   0.00   0.00     0.00   0.00   0.02
     6   6     0.00   0.03   0.00     0.01  -0.03   0.00     0.00   0.00   0.00
     7   6     0.01   0.00   0.00     0.00  -0.01   0.00     0.00   0.00   0.00
     8   6    -0.01   0.00   0.00     0.00   0.01   0.00     0.00   0.00   0.00
     9   6    -0.06  -0.03   0.00    -0.02  -0.02   0.00     0.00   0.00   0.07
    10   6    -0.04  -0.01   0.00     0.00   0.01   0.00     0.00   0.00  -0.01
    11   6     0.04   0.01   0.00     0.02   0.00   0.00     0.00   0.00   0.00
    12   1     0.38   0.03   0.00     0.31   0.02   0.00     0.00   0.00  -0.01
    13   6    -0.03   0.03   0.00    -0.02   0.03   0.00     0.00   0.00   0.00
    14   6     0.00  -0.03   0.00    -0.01  -0.03   0.00     0.00   0.00   0.00
    15   6     0.02  -0.01   0.00     0.01   0.00   0.00     0.00   0.00  -0.02
    16   1     0.21   0.00   0.00     0.00  -0.01   0.00     0.00   0.00   0.00
    17   1    -0.18  -0.28   0.00     0.24   0.39   0.00     0.00   0.00   0.01
    18   1     0.38  -0.03   0.00    -0.31   0.02   0.00     0.00   0.00   0.01
    19   1     0.25   0.01   0.00    -0.25   0.01   0.00     0.00   0.00  -0.04
    20   1    -0.07   0.16   0.00     0.17  -0.32   0.00     0.00   0.00  -0.03
    21   1     0.34   0.00   0.00     0.00  -0.01  -0.02     0.70   0.00   0.00
    22   1    -0.18   0.28   0.00    -0.24   0.39   0.00     0.00   0.00  -0.01
    23   1    -0.07  -0.16   0.00    -0.17  -0.32   0.00     0.00   0.00   0.03
    24   1     0.25  -0.01   0.00     0.25   0.01   0.00     0.00   0.00   0.04
    25   1     0.34   0.00   0.00     0.00  -0.01   0.02    -0.70   0.00   0.00
                     40                     41                     42
                      A                      A                      A
 Frequencies --   1204.7032              1223.9688              1229.4782
 Red. masses --      1.2252                 1.2397                 2.7599
 Frc consts  --      1.0477                 1.0942                 2.4580
 IR Inten    --     31.3269                80.5743                 0.8241
  Atom  AN      X      Y      Z        X      Y      Z        X      Y      Z
     1   6    -0.01  -0.01   0.00     0.01  -0.02   0.00     0.02  -0.01   0.00
     2   6    -0.02   0.02   0.00     0.01  -0.02   0.00    -0.05   0.06   0.00
     3   6     0.05  -0.03   0.00    -0.06   0.02   0.00     0.02  -0.07   0.00
     4   6     0.06  -0.01   0.00     0.06   0.01   0.00     0.18  -0.12   0.00
     5   6     0.01  -0.02   0.00    -0.02  -0.02   0.00     0.06  -0.01   0.00
     6   6    -0.03   0.02   0.00    -0.01  -0.02   0.00    -0.09   0.01   0.00
     7   6     0.00   0.00   0.00    -0.01   0.00   0.00     0.00   0.03   0.00
     8   6     0.01   0.00   0.00     0.05   0.00   0.00     0.00   0.14   0.00
     9   6     0.06   0.01   0.00     0.06  -0.01   0.00    -0.18  -0.12   0.00
    10   6     0.05   0.03   0.00    -0.06  -0.02   0.00    -0.02  -0.07   0.00
    11   6    -0.02  -0.02   0.00     0.01   0.02   0.00     0.05   0.06   0.00
    12   1    -0.05  -0.02   0.00     0.37   0.04   0.00     0.38   0.08   0.00
    13   6    -0.01   0.01   0.00     0.01   0.02   0.00    -0.02  -0.01   0.00
    14   6    -0.03  -0.02   0.00    -0.01   0.02   0.00     0.09   0.01   0.00
    15   6     0.01   0.02   0.00    -0.02   0.02   0.00    -0.06  -0.01   0.00
    16   1    -0.25   0.00   0.00     0.50   0.00   0.00     0.00   0.03   0.00
    17   1    -0.17  -0.27   0.00    -0.01  -0.04   0.00     0.02   0.00   0.00
    18   1    -0.05   0.02   0.00     0.37  -0.04   0.00    -0.38   0.08   0.00
    19   1     0.16  -0.03   0.00    -0.32  -0.01   0.00     0.03  -0.02   0.00
    20   1    -0.25   0.41   0.00    -0.03   0.02   0.00    -0.31   0.41   0.00
    21   1    -0.31   0.00   0.00    -0.35   0.00   0.00     0.00   0.07  -0.05
    22   1    -0.17   0.27   0.00    -0.01   0.04   0.00    -0.02   0.00   0.00
    23   1    -0.25  -0.41   0.00    -0.03  -0.02   0.00     0.31   0.41   0.00
    24   1     0.16   0.03   0.00    -0.32   0.01   0.00    -0.03  -0.02   0.00
    25   1    -0.31   0.00   0.00    -0.35   0.00   0.00     0.00   0.07   0.05
                     43                     44                     45
                      A                      A                      A
 Frequencies --   1283.5414              1306.7772              1328.0276
 Red. masses --      1.7491                 1.5103                 3.3090
 Frc consts  --      1.6978                 1.5196                 3.4384
 IR Inten    --      3.1658                 1.8136                32.6234
  Atom  AN      X      Y      Z        X      Y      Z        X      Y      Z
     1   6     0.01  -0.02   0.00    -0.01   0.03   0.00    -0.06   0.05   0.00
     2   6    -0.01   0.03   0.00     0.03   0.02   0.00     0.04   0.00   0.00
     3   6    -0.04  -0.05   0.00     0.09  -0.05   0.00     0.21   0.09   0.00
     4   6     0.02  -0.13   0.00    -0.08  -0.03   0.00     0.08   0.11   0.00
     5   6     0.05   0.04   0.00    -0.03   0.02   0.00    -0.03  -0.08   0.00
     6   6    -0.03   0.02   0.00     0.01   0.03   0.00    -0.01  -0.03   0.00
     7   6     0.01   0.00   0.00     0.00   0.01   0.00     0.00  -0.18   0.00
     8   6    -0.10   0.00   0.00     0.00   0.01   0.00     0.00  -0.04   0.00
     9   6     0.02   0.13   0.00     0.08  -0.03   0.00    -0.08   0.11   0.00
    10   6    -0.04   0.05   0.00    -0.09  -0.05   0.00    -0.21   0.09   0.00
    11   6    -0.01  -0.03   0.00    -0.03   0.02   0.00    -0.04   0.00   0.00
    12   1    -0.21  -0.04   0.00     0.45   0.05   0.00     0.19   0.01   0.00
    13   6     0.01   0.02   0.00     0.01   0.03   0.00     0.06   0.05   0.00
    14   6    -0.03  -0.02   0.00    -0.01   0.03   0.00     0.01  -0.03   0.00
    15   6     0.05  -0.04   0.00     0.03   0.02   0.00     0.03  -0.08   0.00
    16   1     0.78   0.00   0.00     0.00   0.00   0.00     0.00  -0.21   0.00
    17   1     0.09   0.11   0.00    -0.13  -0.17   0.00    -0.24  -0.23   0.00
    18   1    -0.21   0.04   0.00    -0.45   0.05   0.00    -0.19   0.01   0.00
    19   1     0.30   0.03   0.00     0.42   0.00   0.00    -0.45  -0.07   0.00
    20   1    -0.04   0.05   0.00     0.13  -0.19   0.00    -0.10   0.11   0.00
    21   1    -0.07   0.00   0.00     0.00   0.00  -0.01     0.00  -0.01   0.02
    22   1     0.09  -0.11   0.00     0.13  -0.17   0.00     0.24  -0.23   0.00
    23   1    -0.04  -0.05   0.00    -0.13  -0.19   0.00     0.10   0.11   0.00
    24   1     0.30  -0.03   0.00    -0.42   0.00   0.00     0.45  -0.07   0.00
    25   1    -0.07   0.00   0.00     0.00   0.00   0.01     0.00  -0.01  -0.02
                     46                     47                     48
                      A                      A                      A
 Frequencies --   1372.6207              1392.0192              1401.0030
 Red. masses --      2.4167                 1.0973                 3.0462
 Frc consts  --      2.6827                 1.2528                 3.5228
 IR Inten    --    165.0020                51.9151               109.2239
  Atom  AN      X      Y      Z        X      Y      Z        X      Y      Z
     1   6     0.05   0.06   0.00    -0.01  -0.01   0.00    -0.04  -0.04   0.00
     2   6    -0.03  -0.03   0.00     0.02   0.01   0.00     0.15  -0.02   0.00
     3   6    -0.02  -0.09   0.00    -0.01  -0.01   0.00    -0.01   0.14   0.00
     4   6    -0.07   0.07   0.00     0.00  -0.01   0.00    -0.07  -0.09   0.00
     5   6    -0.12   0.02   0.00     0.02  -0.01   0.00     0.07  -0.03   0.00
     6   6     0.05   0.00   0.00    -0.02   0.02   0.00    -0.08   0.12   0.00
     7   6     0.04   0.00   0.00     0.00   0.01   0.00    -0.07   0.00   0.00
     8   6     0.20   0.00   0.00     0.00  -0.07   0.00     0.10   0.00   0.00
     9   6    -0.07  -0.07   0.00     0.00  -0.01   0.00    -0.07   0.09   0.00
    10   6    -0.02   0.09   0.00     0.01  -0.01   0.00    -0.01  -0.14   0.00
    11   6    -0.03   0.03   0.00    -0.02   0.01   0.00     0.15   0.02   0.00
    12   1    -0.16   0.03   0.00     0.05   0.01   0.00    -0.18   0.00   0.00
    13   6     0.05  -0.06   0.00     0.01  -0.01   0.00    -0.04   0.04   0.00
    14   6     0.05   0.00   0.00     0.02   0.02   0.00    -0.08  -0.12   0.00
    15   6    -0.12  -0.02   0.00    -0.02  -0.01   0.00     0.07   0.03   0.00
    16   1     0.29   0.00   0.00     0.00   0.01   0.00    -0.18   0.00   0.00
    17   1    -0.08  -0.16   0.00    -0.01  -0.01   0.00    -0.14  -0.20   0.00
    18   1    -0.16  -0.03   0.00    -0.05   0.01   0.00    -0.18   0.00   0.00
    19   1     0.43  -0.01   0.00    -0.06   0.00   0.00     0.12  -0.04   0.00
    20   1     0.17  -0.20   0.00     0.01  -0.04   0.00     0.17  -0.35   0.00
    21   1    -0.28   0.00   0.00     0.00   0.54   0.44    -0.37   0.00   0.00
    22   1    -0.08   0.16   0.00     0.01  -0.01   0.00    -0.14   0.20   0.00
    23   1     0.17   0.20   0.00    -0.01  -0.04   0.00     0.17   0.35   0.00
    24   1     0.43   0.01   0.00     0.06   0.00   0.00     0.12   0.04   0.00
    25   1    -0.28   0.00   0.00     0.00   0.54  -0.44    -0.37   0.00   0.00
                     49                     50                     51
                      A                      A                      A
 Frequencies --   1404.6962              1460.7120              1497.1900
 Red. masses --      7.0738                 2.0820                 2.6985
 Frc consts  --      8.2237                 2.6173                 3.5639
 IR Inten    --     16.8384                53.6121                30.0692
  Atom  AN      X      Y      Z        X      Y      Z        X      Y      Z
     1   6    -0.12  -0.16   0.00     0.05   0.12   0.00     0.10   0.11   0.00
     2   6     0.22   0.01   0.00     0.05  -0.05   0.00     0.03  -0.09   0.00
     3   6    -0.04   0.22   0.00     0.01   0.00   0.00    -0.14   0.04   0.00
     4   6    -0.09  -0.16   0.00     0.09   0.05   0.00     0.11   0.03   0.00
     5   6     0.21  -0.04   0.00    -0.01  -0.04   0.00    -0.03  -0.06   0.00
     6   6    -0.13   0.18   0.00    -0.05  -0.02   0.00    -0.08   0.05   0.00
     7   6     0.00  -0.11   0.00    -0.12   0.00   0.00     0.00   0.01   0.00
     8   6     0.00   0.08   0.00    -0.11   0.00   0.00     0.00  -0.01   0.00
     9   6     0.09  -0.16   0.00     0.09  -0.05   0.00    -0.11   0.03   0.00
    10   6     0.04   0.22   0.00     0.01   0.00   0.00     0.14   0.04   0.00
    11   6    -0.22   0.01   0.00     0.05   0.05   0.00    -0.03  -0.09   0.00
    12   1     0.13   0.04   0.00    -0.30   0.04   0.00     0.15  -0.10   0.00
    13   6     0.12  -0.16   0.00     0.05  -0.12   0.00    -0.10   0.11   0.00
    14   6     0.13   0.18   0.00    -0.05   0.02   0.00     0.08   0.05   0.00
    15   6    -0.21  -0.04   0.00    -0.01   0.04   0.00     0.03  -0.06   0.00
    16   1     0.00  -0.11   0.00     0.34   0.00   0.00     0.00   0.02   0.00
    17   1    -0.02   0.02   0.00    -0.26  -0.38   0.00    -0.22  -0.44   0.00
    18   1    -0.13   0.04   0.00    -0.30  -0.04   0.00    -0.15  -0.10   0.00
    19   1    -0.18  -0.03   0.00    -0.11  -0.05   0.00     0.06  -0.08   0.00
    20   1     0.10  -0.25   0.00     0.01  -0.15   0.00     0.13  -0.35   0.00
    21   1     0.00  -0.20  -0.22     0.23   0.00   0.00     0.00  -0.03  -0.02
    22   1     0.02   0.02   0.00    -0.26   0.38   0.00     0.22  -0.44   0.00
    23   1    -0.10  -0.25   0.00     0.01   0.15   0.00    -0.13  -0.35   0.00
    24   1     0.18  -0.03   0.00    -0.11   0.05   0.00    -0.06  -0.08   0.00
    25   1     0.00  -0.20   0.22     0.23   0.00   0.00     0.00  -0.03   0.02
                     52                     53                     54
                      A                      A                      A
 Frequencies --   1500.0604              1538.1294              1570.1303
 Red. masses --      3.6398                 3.0149                 3.9662
 Frc consts  --      4.8256                 4.2025                 5.7610
 IR Inten    --    339.1079                27.5609               524.8827
  Atom  AN      X      Y      Z        X      Y      Z        X      Y      Z
     1   6    -0.07  -0.02   0.00     0.03  -0.07   0.00     0.08  -0.05   0.00
     2   6     0.12   0.05   0.00    -0.10   0.00   0.00    -0.08  -0.01   0.00
     3   6    -0.10  -0.17   0.00     0.08   0.13   0.00    -0.13  -0.04   0.00
     4   6    -0.07   0.13   0.00     0.10  -0.10   0.00     0.14   0.04   0.00
     5   6     0.14  -0.03   0.00    -0.14  -0.01   0.00    -0.02  -0.09   0.00
     6   6    -0.04   0.00   0.00     0.02   0.08   0.00    -0.09   0.17   0.00
     7   6     0.14   0.00   0.00     0.00  -0.09   0.00     0.25   0.00   0.00
     8   6     0.06   0.00   0.00     0.00   0.03   0.00    -0.10   0.00   0.00
     9   6    -0.07  -0.13   0.00    -0.10  -0.10   0.00     0.14  -0.04   0.00
    10   6    -0.10   0.17   0.00    -0.08   0.13   0.00    -0.13   0.04   0.00
    11   6     0.12  -0.05   0.00     0.10   0.00   0.00    -0.08   0.01   0.00
    12   1    -0.41  -0.08   0.00    -0.35  -0.03   0.00     0.14   0.03   0.00
    13   6    -0.07   0.02   0.00    -0.03  -0.07   0.00     0.08   0.05   0.00
    14   6    -0.04   0.00   0.00    -0.02   0.08   0.00    -0.09  -0.17   0.00
    15   6     0.14   0.03   0.00     0.14  -0.01   0.00    -0.02   0.09   0.00
    16   1     0.08   0.00   0.00     0.00  -0.10   0.00    -0.46   0.00   0.00
    17   1    -0.06   0.04   0.00     0.13   0.08   0.00     0.06  -0.10   0.00
    18   1    -0.41   0.08   0.00     0.35  -0.03   0.00     0.14  -0.03   0.00
    19   1    -0.41   0.00   0.00     0.42  -0.05   0.00     0.15  -0.12   0.00
    20   1    -0.11   0.11   0.00     0.17  -0.17   0.00     0.20  -0.37   0.00
    21   1    -0.02   0.00   0.00     0.00   0.12   0.07     0.08   0.00   0.00
    22   1    -0.06  -0.04   0.00    -0.13   0.08   0.00     0.06   0.10   0.00
    23   1    -0.11  -0.11   0.00    -0.17  -0.17   0.00     0.20   0.37   0.00
    24   1    -0.41   0.00   0.00    -0.42  -0.05   0.00     0.15   0.12   0.00
    25   1    -0.02   0.00   0.00     0.00   0.12  -0.07     0.08   0.00   0.00
                     55                     56                     57
                      A                      A                      A
 Frequencies --   1622.0969              1622.3261              1669.7071
 Red. masses --      5.2349                 5.9989                 6.0207
 Frc consts  --      8.1154                 9.3025                 9.8895
 IR Inten    --     59.2812                18.8126               444.3807
  Atom  AN      X      Y      Z        X      Y      Z        X      Y      Z
     1   6     0.07   0.18   0.00     0.00  -0.17   0.00    -0.18  -0.09   0.00
     2   6     0.02  -0.10   0.00    -0.08   0.09   0.00     0.24   0.03   0.00
     3   6    -0.19   0.11   0.00     0.06  -0.21   0.00    -0.12   0.04   0.00
     4   6    -0.03  -0.15   0.00     0.04   0.22   0.00     0.18   0.01   0.00
     5   6     0.04   0.09   0.00     0.04  -0.13   0.00    -0.24   0.01   0.00
     6   6     0.03  -0.17   0.00    -0.10   0.24   0.00     0.14  -0.05   0.00
     7   6     0.27   0.00   0.00     0.00   0.06   0.00     0.03   0.00   0.00
     8   6     0.01   0.00   0.00     0.00  -0.03   0.00    -0.08   0.00   0.00
     9   6    -0.03   0.15   0.00    -0.04   0.22   0.00     0.18  -0.01   0.00
    10   6    -0.19  -0.11   0.00    -0.06  -0.21   0.00    -0.12  -0.04   0.00
    11   6     0.02   0.10   0.00     0.08   0.09   0.00     0.24  -0.03   0.00
    12   1    -0.09   0.11   0.00    -0.13   0.08   0.00    -0.26  -0.07   0.00
    13   6     0.07  -0.18   0.00     0.00  -0.17   0.00    -0.18   0.09   0.00
    14   6     0.03   0.17   0.00     0.10   0.24   0.00     0.14   0.05   0.00
    15   6     0.04  -0.09   0.00    -0.04  -0.13   0.00    -0.24  -0.01   0.00
    16   1    -0.55   0.00   0.00     0.00   0.06   0.00    -0.14   0.00   0.00
    17   1    -0.17  -0.19   0.00     0.17   0.08   0.00     0.00   0.24   0.00
    18   1    -0.09  -0.11   0.00     0.13   0.08   0.00    -0.26   0.07   0.00
    19   1    -0.04   0.10   0.00    -0.06  -0.15   0.00     0.30  -0.02   0.00
    20   1    -0.16   0.17   0.00     0.21  -0.34   0.00     0.03   0.19   0.00
    21   1    -0.08   0.00   0.00     0.00  -0.13  -0.09     0.05   0.00   0.00
    22   1    -0.17   0.19   0.00    -0.17   0.08   0.00     0.00  -0.24   0.00
    23   1    -0.16  -0.17   0.00    -0.21  -0.34   0.00     0.03  -0.19   0.00
    24   1    -0.04  -0.10   0.00     0.06  -0.15   0.00     0.30   0.02   0.00
    25   1    -0.08   0.00   0.00     0.00  -0.13   0.09     0.05   0.00   0.00
                     58                     59                     60
                      A                      A                      A
 Frequencies --   1686.0665              3035.0620              3067.8830
 Red. masses --      6.5464                 1.0617                 1.0968
 Frc consts  --     10.9648                 5.7624                 6.0820
 IR Inten    --     25.5970                10.9706                 2.8962
  Atom  AN      X      Y      Z        X      Y      Z        X      Y      Z
     1   6     0.19   0.12   0.00     0.00   0.00   0.00     0.00   0.00   0.00
     2   6    -0.26  -0.05   0.00     0.00   0.00   0.00     0.00   0.00   0.00
     3   6     0.15   0.03   0.00     0.00   0.00   0.00     0.00   0.00   0.00
     4   6    -0.17  -0.09   0.00     0.00   0.00   0.00     0.00   0.00   0.00
     5   6     0.23   0.01   0.00     0.00   0.00   0.00     0.00   0.00   0.00
     6   6    -0.12   0.01   0.00     0.00   0.00   0.00     0.00   0.00   0.00
     7   6     0.00  -0.03   0.00     0.00   0.00   0.00     0.00   0.00   0.00
     8   6     0.00   0.01   0.00     0.00   0.07   0.00     0.00   0.00   0.09
     9   6     0.17  -0.09   0.00     0.00   0.00   0.00     0.00   0.00   0.00
    10   6    -0.15   0.03   0.00     0.00   0.00   0.00     0.00   0.00   0.00
    11   6     0.26  -0.05   0.00     0.00   0.00   0.00     0.00   0.00   0.00
    12   1    -0.30  -0.09   0.00     0.00   0.00   0.00     0.00   0.00   0.00
    13   6    -0.19   0.12   0.00     0.00   0.00   0.00     0.00   0.00   0.00
    14   6     0.12   0.01   0.00     0.00   0.00   0.00     0.00   0.00   0.00
    15   6    -0.23   0.01   0.00     0.00   0.00   0.00     0.00   0.00   0.00
    16   1     0.00  -0.04   0.00     0.00   0.00   0.00     0.00   0.00   0.00
    17   1     0.00  -0.24   0.00     0.00   0.00   0.00     0.00   0.00   0.00
    18   1     0.30  -0.09   0.00     0.00   0.00   0.00     0.00   0.00   0.00
    19   1    -0.25   0.04   0.00     0.00   0.00   0.00     0.00   0.00   0.00
    20   1    -0.05  -0.15   0.00     0.00   0.00   0.00     0.00   0.00   0.00
    21   1     0.00   0.03   0.01     0.00  -0.42   0.57     0.00   0.44  -0.55
    22   1     0.00  -0.24   0.00     0.00   0.00   0.00     0.00   0.00   0.00
    23   1     0.05  -0.15   0.00     0.00   0.00   0.00     0.00   0.00   0.00
    24   1     0.25   0.04   0.00     0.00   0.00   0.00     0.00   0.00   0.00
    25   1     0.00   0.03  -0.01     0.00  -0.42  -0.57     0.00  -0.44  -0.55
                     61                     62                     63
                      A                      A                      A
 Frequencies --   3182.5385              3199.5608              3199.7194
 Red. masses --      1.0913                 1.0893                 1.0894
 Frc consts  --      6.5125                 6.5702                 6.5712
 IR Inten    --      0.1021                 0.4577                 0.0035
  Atom  AN      X      Y      Z        X      Y      Z        X      Y      Z
     1   6     0.00   0.00   0.00    -0.01   0.00   0.00    -0.01   0.00   0.00
     2   6     0.00   0.00   0.00     0.00  -0.01   0.00     0.00  -0.01   0.00
     3   6     0.00   0.00   0.00     0.00   0.00   0.00     0.00   0.00   0.00
     4   6     0.00   0.00   0.00     0.00   0.00   0.00     0.00   0.00   0.00
     5   6     0.00   0.00   0.00     0.00  -0.05   0.00     0.00  -0.05   0.00
     6   6     0.00   0.00   0.00     0.02   0.02   0.00     0.02   0.02   0.00
     7   6     0.00  -0.09   0.00     0.00   0.00   0.00     0.00   0.00   0.00
     8   6     0.00   0.00   0.00     0.00   0.00   0.00     0.00   0.00   0.00
     9   6     0.00   0.00   0.00     0.00   0.00   0.00     0.00   0.00   0.00
    10   6     0.00   0.00   0.00     0.00   0.00   0.00     0.00   0.00   0.00
    11   6     0.00   0.00   0.00     0.00   0.01   0.00     0.00  -0.01   0.00
    12   1     0.00  -0.03   0.00     0.01  -0.11   0.00    -0.01   0.12   0.00
    13   6     0.00   0.00   0.00    -0.01   0.00   0.00     0.01   0.00   0.00
    14   6     0.00   0.00   0.00     0.02  -0.02   0.00    -0.02   0.02   0.00
    15   6     0.00   0.00   0.00     0.00   0.05   0.00     0.00  -0.05   0.00
    16   1     0.00   1.00   0.00     0.00   0.00   0.00     0.00   0.01   0.00
    17   1    -0.01   0.00   0.00     0.07  -0.04   0.00     0.07  -0.04   0.00
    18   1     0.00  -0.03   0.00     0.01   0.11   0.00     0.01   0.12   0.00
    19   1     0.00   0.00   0.00     0.03   0.60   0.00     0.03   0.60   0.00
    20   1     0.00   0.00   0.00    -0.30  -0.16   0.00    -0.30  -0.16   0.00
    21   1     0.00   0.00   0.00     0.00   0.00   0.00     0.00   0.00   0.00
    22   1     0.01   0.00   0.00     0.07   0.04   0.00    -0.07  -0.04   0.00
    23   1     0.00   0.00   0.00    -0.30   0.16   0.00     0.30  -0.16   0.00
    24   1     0.00   0.00   0.00     0.03  -0.60   0.00    -0.03   0.60   0.00
    25   1     0.00   0.00   0.00     0.00   0.00   0.00     0.00   0.00   0.00
                     64                     65                     66
                      A                      A                      A
 Frequencies --   3206.6210              3206.8377              3214.5520
 Red. masses --      1.0908                 1.0910                 1.0951
 Frc consts  --      6.6084                 6.6104                 6.6673
 IR Inten    --      0.6904                 0.0352                 0.8858
  Atom  AN      X      Y      Z        X      Y      Z        X      Y      Z
     1   6     0.01  -0.01   0.00    -0.01   0.01   0.00     0.01   0.00   0.00
     2   6     0.00   0.06   0.00     0.00  -0.06   0.00     0.00  -0.01   0.00
     3   6     0.00   0.00   0.00     0.00   0.00   0.00     0.00   0.00   0.00
     4   6     0.00   0.00   0.00     0.00   0.00   0.00     0.00   0.00   0.00
     5   6     0.00  -0.01   0.00     0.00   0.01   0.00     0.00  -0.03   0.00
     6   6     0.00   0.00   0.00     0.00   0.00   0.00    -0.05  -0.02   0.00
     7   6     0.00   0.00   0.00     0.00   0.00   0.00     0.00   0.00   0.00
     8   6     0.00   0.00   0.00     0.00   0.00   0.00     0.00   0.00   0.00
     9   6     0.00   0.00   0.00     0.00   0.00   0.00     0.00   0.00   0.00
    10   6     0.00   0.00   0.00     0.00   0.00   0.00     0.00   0.00   0.00
    11   6     0.00  -0.06   0.00     0.00  -0.06   0.00     0.00   0.01   0.00
    12   1    -0.03   0.66   0.00    -0.03   0.66   0.00     0.01  -0.14   0.00
    13   6     0.01   0.01   0.00     0.01   0.01   0.00     0.01   0.00   0.00
    14   6     0.00   0.00   0.00     0.00   0.00   0.00    -0.05   0.02   0.00
    15   6     0.00   0.01   0.00     0.00   0.01   0.00     0.00   0.03   0.00
    16   1     0.00   0.00   0.00     0.00   0.04   0.00     0.00   0.00   0.00
    17   1    -0.15   0.09   0.00     0.15  -0.10   0.00    -0.12   0.07   0.00
    18   1    -0.03  -0.66   0.00     0.03   0.66   0.00     0.01   0.14   0.00
    19   1     0.01   0.16   0.00    -0.01  -0.17   0.00     0.01   0.33   0.00
    20   1     0.02   0.01   0.00    -0.02  -0.01   0.00     0.52   0.28   0.00
    21   1     0.00   0.00   0.00     0.00   0.00   0.00     0.00   0.00   0.00
    22   1    -0.15  -0.09   0.00    -0.15  -0.10   0.00    -0.12  -0.07   0.00
    23   1     0.02  -0.01   0.00     0.02  -0.01   0.00     0.52  -0.28   0.00
    24   1     0.01  -0.16   0.00     0.01  -0.17   0.00     0.01  -0.33   0.00
    25   1     0.00   0.00   0.00     0.00   0.00   0.00     0.00   0.00   0.00
                     67                     68                     69
                      A                      A                      A
 Frequencies --   3214.5888              3235.7190              3235.7387
 Red. masses --      1.0951                 1.0977                 1.0977
 Frc consts  --      6.6674                 6.7715                 6.7717
 IR Inten    --      0.0454                 0.7792                 0.0897
  Atom  AN      X      Y      Z        X      Y      Z        X      Y      Z
     1   6     0.01   0.00   0.00    -0.05   0.03   0.00    -0.05   0.03   0.00
     2   6     0.00  -0.01   0.00     0.00   0.02   0.00     0.00   0.02   0.00
     3   6     0.00   0.00   0.00     0.00   0.00   0.00     0.00   0.00   0.00
     4   6     0.00   0.00   0.00     0.00   0.00   0.00     0.00   0.00   0.00
     5   6     0.00  -0.03   0.00     0.00   0.00   0.00     0.00   0.00   0.00
     6   6    -0.05  -0.02   0.00    -0.01  -0.01   0.00    -0.01  -0.01   0.00
     7   6     0.00   0.00   0.00     0.00   0.00   0.00     0.00   0.00   0.00
     8   6     0.00   0.00   0.00     0.00   0.00   0.00     0.00   0.00   0.00
     9   6     0.00   0.00   0.00     0.00   0.00   0.00     0.00   0.00   0.00
    10   6     0.00   0.00   0.00     0.00   0.00   0.00     0.00   0.00   0.00
    11   6     0.00  -0.01   0.00     0.00  -0.02   0.00     0.00   0.02   0.00
    12   1    -0.01   0.14   0.00    -0.01   0.16   0.00     0.01  -0.16   0.00
    13   6    -0.01   0.00   0.00    -0.05  -0.03   0.00     0.05   0.03   0.00
    14   6     0.05  -0.02   0.00    -0.01   0.01   0.00     0.01  -0.01   0.00
    15   6     0.00  -0.03   0.00     0.00   0.00   0.00     0.00   0.00   0.00
    16   1     0.00   0.01   0.00     0.00   0.00   0.00     0.00   0.00   0.00
    17   1    -0.12   0.07   0.00     0.57  -0.34   0.00     0.57  -0.34   0.00
    18   1     0.01   0.14   0.00    -0.01  -0.16   0.00    -0.01  -0.16   0.00
    19   1     0.01   0.33   0.00     0.00   0.04   0.00     0.00   0.04   0.00
    20   1     0.52   0.28   0.00     0.15   0.09   0.00     0.15   0.09   0.00
    21   1     0.00   0.00   0.00     0.00   0.00   0.00     0.00   0.00   0.00
    22   1     0.12   0.07   0.00     0.57   0.34   0.00    -0.57  -0.34   0.00
    23   1    -0.52   0.28   0.00     0.15  -0.09   0.00    -0.15   0.09   0.00
    24   1    -0.01   0.33   0.00     0.00  -0.04   0.00     0.00   0.04   0.00
    25   1     0.00   0.00   0.00     0.00   0.00   0.00     0.00   0.00   0.00
