0
47.8681
96.9520
188.3992
218.8987
226.1597
273.6319
376.1129
379.1749
379.7055
408.1440
465.9043
488.9815
556.1655
558.4014
607.4474
647.5440
666.0551
719.2835
754.3981
761.0205
771.3346
811.3729
858.5931
863.2530
889.1657
891.0549
905.1590
915.7091
973.5313
982.1329
1008.9292
1011.5323
1081.9706
1095.6236
1112.4072
1142.3911
1146.6590
1185.4258
1195.1508
1210.8053
1241.8707
1266.1277
1288.5011
1313.2828
1338.4519
1357.5032
1379.7492
1390.2964
1397.7227
1447.1600
1480.4040
1512.5613
1527.2042
1555.0258
1594.9847
1647.7663
1678.9036
2980.1062
2990.3889
3211.0828
3211.4291
3219.4557
3219.6092
3224.4128
3245.3043
3245.4450
3256.8863
3257.4082
