57.9019
104.5733
183.2110
223.6917
233.4912
321.0512
378.5052
384.2475
414.9462
446.2016
490.6739
520.9014
525.6704
595.3570
610.7452
670.2230
676.8238
743.0507
753.1517
792.9476
803.1188
827.9131
868.6334
892.9543
910.5321
915.3573
951.3746
996.8927
1004.7606
1036.9687
1050.8833
1052.3717
1065.5152
1066.8771
1133.8445
1160.9189
1178.7565
1190.8076
1201.9944
1204.7032
1223.9688
1229.4782
1283.5414
1306.7772
1328.0276
1372.6207
1392.0192
1401.0030
1404.6962
1460.7120
1497.1900
1500.0604
1538.1294
1570.1303
1622.0969
1622.3261
1669.7071
1686.0665
3035.0620
3067.8830
3182.5385
3199.5608
3199.7194
3206.6210
3206.8377
3214.5520
3214.5888
3235.7190
3235.7387
