         -0.1 -0.16 0.0          0.0 0.0 0.16          0.0 0.0 0.13
         0.2 -0.08 0.0          0.0 0.0 0.01          0.0 0.0 0.2
         0.07 -0.02 0.0          0.0 0.0 -0.11          0.0 0.0 0.05
         0.1 0.12 0.0          0.0 0.0 -0.09          0.0 0.0 -0.06
         -0.16 0.0 0.0          0.0 0.0 0.04          0.0 0.0 -0.2
         -0.18 -0.07 0.0          0.0 0.0 0.19          0.0 0.0 -0.12
         0.3 0.0 0.0          0.0 0.0 -0.19          0.0 0.0 0.0
         -0.07 0.0 0.0          0.0 0.0 -0.22          0.0 0.0 0.0
         0.1 -0.12 0.0          0.0 0.0 -0.09          0.0 0.0 0.06
         0.07 0.02 0.0          0.0 0.0 -0.11          0.0 0.0 -0.05
         0.2 0.08 0.0          0.0 0.0 0.01          0.0 0.0 -0.2
         0.09 0.07 0.0          0.0 0.0 0.0          0.0 0.0 -0.37
         -0.1 0.16 0.0          0.0 0.0 0.16          0.0 0.0 -0.13
         -0.18 0.07 0.0          0.0 0.0 0.19          0.0 0.0 0.12
         -0.16 0.0 0.0          0.0 0.0 0.04          0.0 0.0 0.2
         0.25 0.0 0.0          0.0 0.0 -0.23          0.0 0.0 0.0
         -0.02 -0.02 0.0          0.0 0.0 0.26          0.0 0.0 0.23
         0.09 -0.07 0.0          0.0 0.0 0.0          0.0 0.0 0.37
         -0.05 0.0 0.0          0.0 0.0 0.04          0.0 0.0 -0.36
         -0.17 -0.07 0.0          0.0 0.0 0.3          0.0 0.0 -0.23
         -0.44 0.0 0.0          0.0 -0.2 -0.39          -0.04 0.0 0.0
         -0.02 0.02 0.0          0.0 0.0 0.26          0.0 0.0 -0.23
         -0.17 0.07 0.0          0.0 0.0 0.3          0.0 0.0 0.23
         -0.05 0.0 0.0          0.0 0.0 0.04          0.0 0.0 0.36
         -0.44 0.0 0.0          0.0 0.2 -0.39          0.04 0.0 0.0
                                            
                                            
                                            
                                            
         0.0 0.0 0.11          0.0 0.0 -0.14          0.05 0.17 0.0
         0.0 0.0 0.04          0.0 0.0 0.15          0.11 0.02 0.0
         0.0 0.0 -0.07          0.0 0.0 0.2          0.02 -0.13 0.0
         0.0 0.0 -0.06          0.0 0.0 0.2          -0.03 -0.13 0.0
         0.0 0.0 -0.08          0.0 0.0 0.15          -0.13 0.02 0.0
         0.0 0.0 -0.01          0.0 0.0 -0.15          -0.06 0.17 0.0
         0.0 0.0 -0.1          0.0 0.0 0.0          0.0 -0.15 0.0
         0.0 0.0 0.15          0.0 0.0 0.0          0.0 -0.15 0.0
         0.0 0.0 -0.06          0.0 0.0 -0.2          0.03 -0.13 0.0
         0.0 0.0 -0.07          0.0 0.0 -0.2          -0.02 -0.13 0.0
         0.0 0.0 0.04          0.0 0.0 -0.15          -0.11 0.02 0.0
         0.0 0.0 0.09          0.0 0.0 -0.19          -0.27 0.02 0.0
         0.0 0.0 0.11          0.0 0.0 0.14          -0.05 0.17 0.0
         0.0 0.0 -0.01          0.0 0.0 0.15          0.06 0.17 0.0
         0.0 0.0 -0.08          0.0 0.0 -0.15          0.13 0.02 0.0
         0.0 0.0 -0.12          0.0 0.0 0.0          0.0 -0.15 0.0
         0.0 0.0 0.23          0.0 0.0 -0.32          0.1 0.26 0.0
         0.0 0.0 0.09          0.0 0.0 0.19          0.27 0.02 0.0
         0.0 0.0 -0.12          0.0 0.0 0.21          -0.29 0.02 0.0
         0.0 0.0 -0.01          0.0 0.0 -0.35          -0.11 0.26 0.0
         0.0 0.38 0.47          0.15 0.0 0.0          0.0 -0.15 0.0
         0.0 0.0 0.23          0.0 0.0 0.32          -0.1 0.26 0.0
         0.0 0.0 -0.01          0.0 0.0 0.36          0.11 0.26 0.0
         0.0 0.0 -0.12          0.0 0.0 -0.21          0.29 0.02 0.0
         0.0 -0.38 0.47          -0.15 0.0 0.0          0.0 -0.15 0.0
                                            
                                            
                                            
                                            
         0.0 0.0 -0.01          0.0 0.0 0.09          0.26 0.01 0.0
         0.0 0.0 -0.12          0.0 0.0 -0.14          0.21 0.04 0.0
         0.0 0.0 0.0          0.0 0.0 0.07          0.13 -0.01 0.0
         0.0 0.0 -0.12          0.0 0.0 0.13          0.14 -0.01 0.0
         0.0 0.0 -0.04          0.0 0.0 -0.13          0.21 -0.04 0.0
         0.0 0.0 0.13          0.0 0.0 0.02          0.26 0.01 0.0
         0.0 0.0 0.26          0.0 0.0 0.0          0.0 0.07 0.0
         0.0 0.0 -0.03          0.0 0.0 0.05          0.0 -0.08 0.0
         0.0 0.0 -0.12          0.0 0.0 0.13          -0.14 -0.01 0.0
         0.0 0.0 0.0          0.0 0.0 0.07          -0.13 -0.01 0.0
         0.0 0.0 -0.12          0.0 0.0 -0.14          -0.21 0.04 0.0
         0.0 0.0 -0.23          0.0 0.0 -0.39          -0.24 0.04 0.0
         0.0 0.0 -0.01          0.0 0.0 0.09          -0.26 0.01 0.0
         0.0 0.0 0.13          0.0 0.0 0.02          -0.26 0.01 0.0
         0.0 0.0 -0.04          0.0 0.0 -0.13          -0.21 -0.04 0.0
         0.0 0.0 0.55          0.0 0.0 -0.2          0.0 0.07 0.0
         0.0 0.0 -0.01          0.0 0.0 0.19          0.24 -0.03 0.0
         0.0 0.0 -0.23          0.0 0.0 -0.39          0.24 0.04 0.0
         0.0 0.0 -0.03          0.0 0.0 -0.37          0.22 -0.03 0.0
         0.0 0.0 0.31          0.0 0.0 0.01          0.24 0.05 0.0
         0.0 0.28 0.2          0.0 -0.25 -0.15          0.0 -0.08 0.01
         0.0 0.0 -0.01          0.0 0.0 0.19          -0.24 -0.03 0.0
         0.0 0.0 0.31          0.0 0.0 0.01          -0.24 0.05 0.0
         0.0 0.0 -0.03          0.0 0.0 -0.37          -0.22 -0.03 0.0
         0.0 -0.28 0.2          0.0 0.25 -0.15          0.0 -0.07 -0.01
                                            
                                            
                                            
                                            
         -0.08 -0.06 0.0          0.0 0.0 0.07          0.0 0.0 0.16
         -0.13 0.09 0.0          0.0 0.0 -0.13          0.0 0.0 -0.07
         -0.04 0.19 0.0          0.0 0.0 0.15          0.0 0.0 -0.12
         0.06 0.21 0.0          0.0 0.0 0.17          0.0 0.0 0.08
         0.13 0.11 0.0          0.0 0.0 -0.12          0.0 0.0 0.09
         0.05 -0.05 0.0          0.0 0.0 0.02          0.0 0.0 -0.18
         0.06 0.0 0.0          0.0 0.0 0.0          0.0 0.0 0.0
         -0.04 0.0 0.0          0.0 0.0 0.0          0.0 0.0 0.0
         0.06 -0.21 0.0          0.0 0.0 -0.17          0.0 0.0 -0.08
         -0.04 -0.19 0.0          0.0 0.0 -0.15          0.0 0.0 0.12
         -0.13 -0.09 0.0          0.0 0.0 0.13          0.0 0.0 0.07
         -0.26 -0.09 0.0          0.0 0.0 0.48          0.0 0.0 0.12
         -0.08 0.06 0.0          0.0 0.0 -0.07          0.0 0.0 -0.16
         0.05 0.05 0.0          0.0 0.0 -0.02          0.0 0.0 0.18
         0.13 -0.11 0.0          0.0 0.0 0.12          0.0 0.0 -0.09
         0.31 0.0 0.0          0.0 0.0 0.0          0.0 0.0 0.0
         -0.14 -0.15 0.0          0.0 0.0 0.1          0.0 0.0 0.47
         -0.26 0.09 0.0          0.0 0.0 -0.48          0.0 0.0 -0.12
         0.27 0.11 0.0          0.0 0.0 -0.39          0.0 0.0 0.28
         0.12 -0.17 0.0          0.0 0.0 0.0          0.0 0.0 -0.31
         -0.23 0.0 0.0          0.15 0.0 0.0          0.06 0.0 0.0
         -0.14 0.15 0.0          0.0 0.0 -0.1          0.0 0.0 -0.47
         0.12 0.17 0.0          0.0 0.0 0.0          0.0 0.0 0.31
         0.27 -0.11 0.0          0.0 0.0 0.39          0.0 0.0 -0.28
         -0.23 0.0 0.0          -0.15 0.0 0.0          -0.06 0.0 0.0
                                            
                                            
                                            
                                            
         0.0 0.0 -0.1          -0.25 0.08 0.0          0.0 0.0 -0.07
         0.0 0.0 0.06          -0.07 -0.15 0.0          0.0 0.0 0.04
         0.0 0.0 0.14          -0.01 -0.1 0.0          0.0 0.0 -0.14
         0.0 0.0 -0.03          0.22 -0.03 0.0          0.0 0.0 0.05
         0.0 0.0 -0.07          0.05 0.19 0.0          0.0 0.0 -0.08
         0.0 0.0 0.12          -0.07 0.13 0.0          0.0 0.0 0.09
         0.0 0.0 -0.11          -0.04 0.0 0.0          0.0 0.0 0.03
         0.0 0.0 -0.04          0.29 0.0 0.0          0.0 0.0 0.16
         0.0 0.0 -0.03          0.22 0.03 0.0          0.0 0.0 0.05
         0.0 0.0 0.14          -0.01 0.1 0.0          0.0 0.0 -0.14
         0.0 0.0 0.06          -0.07 0.15 0.0          0.0 0.0 0.04
         0.0 0.0 0.04          0.06 0.15 0.0          0.0 0.0 0.36
         0.0 0.0 -0.1          -0.25 -0.08 0.0          0.0 0.0 -0.07
         0.0 0.0 0.12          -0.07 -0.13 0.0          0.0 0.0 0.09
         0.0 0.0 -0.07          0.05 -0.19 0.0          0.0 0.0 -0.08
         0.0 0.0 -0.6          -0.09 0.0 0.0          0.0 0.0 0.33
         0.0 0.0 -0.34          -0.2 0.16 0.0          0.0 0.0 -0.16
         0.0 0.0 0.04          0.06 -0.15 0.0          0.0 0.0 0.36
         0.0 0.0 -0.26          -0.09 0.19 0.0          0.0 0.0 -0.25
         0.0 0.0 0.18          0.04 -0.08 0.0          0.0 0.0 0.15
         0.0 0.18 0.12          0.3 0.0 0.0          0.0 -0.36 -0.15
         0.0 0.0 -0.34          -0.2 -0.16 0.0          0.0 0.0 -0.16
         0.0 0.0 0.18          0.04 0.08 0.0          0.0 0.0 0.15
         0.0 0.0 -0.26          -0.09 -0.19 0.0          0.0 0.0 -0.25
         0.0 -0.18 0.12          0.3 0.0 0.0          0.0 0.36 -0.15
                                            
                                            
                                            
                                            
         -0.12 -0.01 0.0          0.0 0.0 0.04          -0.2 0.1 0.0
         0.01 -0.21 0.0          0.0 0.0 -0.04          -0.17 0.08 0.0
         0.13 0.02 0.0          0.0 0.0 0.21          -0.13 -0.05 0.0
         0.16 -0.02 0.0          0.0 0.0 -0.19          0.1 -0.05 0.0
         0.03 0.22 0.0          0.0 0.0 0.04          0.16 0.04 0.0
         -0.09 0.03 0.0          0.0 0.0 -0.07          0.2 0.09 0.0
         0.0 0.28 0.0          0.0 0.0 0.0          0.0 -0.21 0.0
         0.0 -0.32 0.0          0.0 0.0 0.0          0.0 -0.16 0.0
         -0.16 -0.02 0.0          0.0 0.0 0.19          -0.1 -0.05 0.0
         -0.13 0.02 0.0          0.0 0.0 -0.21          0.13 -0.05 0.0
         -0.01 -0.21 0.0          0.0 0.0 0.04          0.17 0.08 0.0
         -0.01 -0.21 0.0          0.0 0.0 0.34          0.05 0.08 0.0
         0.12 -0.01 0.0          0.0 0.0 -0.04          0.2 0.1 0.0
         0.09 0.03 0.0          0.0 0.0 0.07          -0.2 0.09 0.0
         -0.03 0.22 0.0          0.0 0.0 -0.04          -0.16 0.04 0.0
         0.0 0.28 0.0          0.0 0.0 0.0          0.0 -0.21 0.0
         -0.03 0.13 0.0          0.0 0.0 0.18          -0.32 -0.11 0.0
         0.01 -0.21 0.0          0.0 0.0 -0.34          -0.05 0.08 0.0
         0.02 0.22 0.0          0.0 0.0 0.4          0.04 0.04 0.0
         0.01 -0.15 0.0          0.0 0.0 0.1          0.31 -0.09 0.0
         0.0 -0.28 0.03          -0.31 0.0 0.0          0.0 -0.15 0.01
         0.03 0.13 0.0          0.0 0.0 -0.18          0.32 -0.11 0.0
         -0.01 -0.15 0.0          0.0 0.0 -0.1          -0.31 -0.09 0.0
         -0.02 0.22 0.0          0.0 0.0 -0.4          -0.04 0.04 0.0
         0.0 -0.28 -0.03          0.31 0.0 0.0          0.0 -0.15 -0.01
                                            
                                            
                                            
                                            
         0.0 0.0 0.02          0.0 0.0 -0.06          0.02 0.0 0.0
         0.0 0.0 0.03          0.0 0.0 -0.02          -0.07 0.2 0.0
         0.0 0.0 0.0          0.0 0.0 0.01          -0.03 0.12 0.0
         0.0 0.0 0.02          0.0 0.0 0.05          -0.03 -0.08 0.0
         0.0 0.0 0.02          0.0 0.0 -0.05          -0.08 -0.17 0.0
         0.0 0.0 0.03          0.0 0.0 -0.03          0.0 -0.03 0.0
         0.0 0.0 -0.11          0.0 0.0 0.0          0.0 0.27 0.0
         0.0 0.0 -0.04          0.0 0.0 0.0          0.0 -0.33 0.0
         0.0 0.0 0.02          0.0 0.0 -0.05          0.03 -0.08 0.0
         0.0 0.0 0.0          0.0 0.0 -0.01          0.03 0.12 0.0
         0.0 0.0 0.03          0.0 0.0 0.02          0.07 0.2 0.0
         0.0 0.0 -0.26          0.0 0.0 -0.28          0.19 0.21 0.0
         0.0 0.0 0.02          0.0 0.0 0.06          -0.02 0.0 0.0
         0.0 0.0 0.03          0.0 0.0 0.03          0.0 -0.03 0.0
         0.0 0.0 0.02          0.0 0.0 0.05          0.08 -0.17 0.0
         0.0 0.0 0.68          0.0 0.0 0.0          0.0 0.28 -0.01
         0.0 0.0 -0.27          0.0 0.0 0.38          -0.06 -0.14 0.0
         0.0 0.0 -0.26          0.0 0.0 0.28          -0.19 0.21 0.0
         0.0 0.0 -0.2          0.0 0.0 0.22          -0.14 -0.17 0.0
         0.0 0.0 -0.27          0.0 0.0 0.46          -0.09 0.12 0.0
         0.0 0.1 0.05          0.07 0.0 0.0          0.0 -0.3 0.02
         0.0 0.0 -0.27          0.0 0.0 -0.38          0.06 -0.14 0.0
         0.0 0.0 -0.27          0.0 0.0 -0.46          0.09 0.12 0.0
         0.0 0.0 -0.2          0.0 0.0 -0.22          0.14 -0.17 0.0
         0.0 -0.1 0.05          -0.07 0.0 0.0          0.0 -0.31 -0.02
                                            
                                            
                                            
                                            
         0.0 0.0 0.04          -0.08 0.02 0.0          -0.08 0.03 0.0
         0.0 0.0 -0.01          0.0 0.25 0.0          0.06 0.02 0.0
         0.0 0.0 -0.07          -0.09 0.06 0.0          -0.09 -0.1 0.0
         0.0 0.0 0.0          0.1 -0.06 0.0          0.06 0.03 0.0
         0.0 0.0 0.06          -0.08 -0.19 0.0          0.04 -0.07 0.0
         0.0 0.0 0.03          -0.03 -0.01 0.0          0.13 0.05 0.0
         0.0 0.0 0.14          0.09 0.0 0.0          -0.05 0.0 0.0
         0.0 0.0 -0.03          0.26 0.0 0.0          -0.1 0.0 0.0
         0.0 0.0 0.0          0.1 0.06 0.0          0.06 -0.03 0.0
         0.0 0.0 -0.07          -0.09 -0.06 0.0          -0.09 0.1 0.0
         0.0 0.0 -0.01          0.0 -0.25 0.0          0.06 -0.02 0.0
         0.0 0.0 0.0          0.0 -0.26 0.0          0.28 -0.02 0.0
         0.0 0.0 0.04          -0.08 -0.02 0.0          -0.08 -0.03 0.0
         0.0 0.0 0.03          -0.03 0.01 0.0          0.13 -0.05 0.0
         0.0 0.0 0.06          -0.08 0.19 0.0          0.04 0.07 0.0
         0.0 0.0 -0.55          0.3 0.0 0.0          -0.22 0.0 0.0
         0.0 0.0 -0.23          -0.18 -0.14 0.0          -0.16 -0.08 0.0
         0.0 0.0 0.01          0.0 0.26 0.0          0.28 0.02 0.0
         0.0 0.0 -0.31          -0.19 -0.2 0.0          -0.02 -0.07 0.0
         0.0 0.0 -0.41          -0.1 0.11 0.0          0.15 0.02 0.0
         0.0 0.06 0.03          0.25 0.0 0.0          -0.52 0.0 0.0
         0.0 0.0 -0.23          -0.18 0.14 0.0          -0.16 0.08 0.0
         0.0 0.0 -0.41          -0.1 -0.11 0.0          0.15 -0.02 0.0
         0.0 0.0 -0.31          -0.19 0.2 0.0          -0.02 0.07 0.0
         0.0 -0.06 0.03          0.25 0.0 0.0          -0.52 0.0 0.0
                                            
                                            
                                            
                                            
         0.0 0.0 0.06          0.0 0.0 -0.02          0.14 -0.11 0.0
         0.0 0.0 0.02          0.0 0.0 -0.09          0.01 0.17 0.0
         0.0 0.0 0.05          0.0 0.0 0.05          -0.04 0.03 0.0
         0.0 0.0 -0.15          0.0 0.0 -0.03          0.03 0.07 0.0
         0.0 0.0 -0.02          0.0 0.0 0.09          0.01 0.21 0.0
         0.0 0.0 0.0          0.0 0.0 0.01          -0.13 -0.11 0.0
         0.0 0.0 0.0          0.0 0.0 0.0          0.0 -0.29 0.0
         0.0 0.0 0.19          0.0 0.0 0.0          0.0 -0.21 0.0
         0.0 0.0 -0.15          0.0 0.0 0.03          -0.03 0.07 0.0
         0.0 0.0 0.05          0.0 0.0 -0.05          0.04 0.03 0.0
         0.0 0.0 0.02          0.0 0.0 0.09          -0.01 0.17 0.0
         0.0 0.0 -0.29          0.0 0.0 -0.44          0.16 0.17 0.0
         0.0 0.0 0.06          0.0 0.0 0.02          -0.14 -0.11 0.0
         0.0 0.0 0.0          0.0 0.0 -0.01          0.13 -0.11 0.0
         0.0 0.0 -0.02          0.0 0.0 -0.09          -0.01 0.21 0.0
         0.0 0.0 -0.12          0.0 0.0 0.0          0.0 -0.3 0.0
         0.0 0.0 -0.31          0.0 0.0 0.26          0.14 -0.1 0.0
         0.0 0.0 -0.29          0.0 0.0 0.44          -0.16 0.17 0.0
         0.0 0.0 0.26          0.0 0.0 -0.42          0.23 0.22 0.0
         0.0 0.0 -0.14          0.0 0.0 -0.19          -0.11 -0.15 0.0
         0.0 -0.39 -0.15          -0.08 0.0 0.0          0.0 -0.16 0.04
         0.0 0.0 -0.31          0.0 0.0 -0.26          -0.14 -0.1 0.0
         0.0 0.0 -0.14          0.0 0.0 0.19          0.11 -0.15 0.0
         0.0 0.0 0.26          0.0 0.0 0.42          -0.23 0.22 0.0
         0.0 0.39 -0.15          0.08 0.0 0.0          0.0 -0.16 -0.04
                                            
                                            
                                            
                                            
         0.0 0.0 0.01          -0.16 0.09 0.0          0.0 0.0 0.05
         0.0 0.0 0.11          -0.1 -0.12 0.0          0.0 0.0 -0.08
         0.0 0.0 -0.09          0.15 0.05 0.0          0.0 0.0 0.03
         0.0 0.0 0.08          -0.11 -0.06 0.0          0.0 0.0 0.0
         0.0 0.0 -0.09          0.01 -0.14 0.0          0.0 0.0 -0.08
         0.0 0.0 -0.01          0.12 0.07 0.0          0.0 0.0 0.05
         0.0 0.0 0.07          0.28 0.0 0.0          0.0 0.0 0.0
         0.0 0.0 -0.06          -0.11 0.0 0.0          0.0 0.0 0.0
         0.0 0.0 0.08          -0.11 0.06 0.0          0.0 0.0 0.0
         0.0 0.0 -0.09          0.15 -0.05 0.0          0.0 0.0 -0.03
         0.0 0.0 0.11          -0.1 0.12 0.0          0.0 0.0 0.08
         0.0 0.0 -0.45          -0.14 0.12 0.0          0.0 0.0 -0.36
         0.0 0.0 0.01          -0.16 -0.09 0.0          0.0 0.0 -0.05
         0.0 0.0 -0.01          0.12 -0.07 0.0          0.0 0.0 -0.05
         0.0 0.0 -0.09          0.01 0.14 0.0          0.0 0.0 0.08
         0.0 0.0 -0.23          0.58 0.0 0.0          0.0 0.0 0.0
         0.0 0.0 -0.21          -0.21 0.02 0.0          0.0 0.0 -0.21
         0.0 0.0 -0.45          -0.14 -0.12 0.0          0.0 0.0 0.36
         0.0 0.0 0.36          -0.13 -0.15 0.0          0.0 0.0 0.44
         0.0 0.0 0.2          0.15 0.01 0.0          0.0 0.0 -0.32
         0.0 0.12 0.04          0.12 0.0 0.0          0.13 0.0 0.0
         0.0 0.0 -0.21          -0.21 -0.02 0.0          0.0 0.0 0.21
         0.0 0.0 0.2          0.15 -0.01 0.0          0.0 0.0 0.32
         0.0 0.0 0.36          -0.13 0.15 0.0          0.0 0.0 -0.44
         0.0 -0.12 0.04          0.12 0.0 0.0          -0.13 0.0 0.0
                                            
                                            
                                            
                                            
         0.0 0.0 0.03          0.0 0.0 -0.09          0.0 0.0 -0.1
         0.0 0.0 -0.07          0.0 0.0 0.05          0.0 0.0 0.05
         0.0 0.0 0.02          0.0 0.0 -0.01          0.0 0.0 -0.01
         0.0 0.0 0.04          0.0 0.0 0.0          0.0 0.0 -0.01
         0.0 0.0 -0.09          0.0 0.0 -0.03          0.0 0.0 -0.01
         0.0 0.0 0.07          0.0 0.0 0.09          0.0 0.0 0.08
         0.0 0.0 -0.01          0.0 0.0 0.0          0.0 0.0 0.01
         0.0 0.0 -0.04          0.0 0.0 0.0          0.0 0.0 0.02
         0.0 0.0 0.04          0.0 0.0 0.0          0.0 0.0 -0.01
         0.0 0.0 0.02          0.0 0.0 0.01          0.0 0.0 -0.01
         0.0 0.0 -0.07          0.0 0.0 -0.05          0.0 0.0 0.05
         0.0 0.0 0.33          0.0 0.0 0.21          0.0 0.0 -0.25
         0.0 0.0 0.03          0.0 0.0 0.09          0.0 0.0 -0.1
         0.0 0.0 0.07          0.0 0.0 -0.09          0.0 0.0 0.07
         0.0 0.0 -0.09          0.0 0.0 0.03          0.0 0.0 -0.01
         0.0 0.0 0.05          0.0 0.0 0.0          0.0 0.0 -0.04
         0.0 0.0 -0.13          0.0 0.0 0.47          0.0 0.0 0.51
         0.0 0.0 0.33          0.0 0.0 -0.21          0.0 0.0 -0.25
         0.0 0.0 0.46          0.0 0.0 0.14          0.0 0.0 0.06
         0.0 0.0 -0.37          0.0 0.0 -0.43          0.0 0.0 -0.39
         0.0 0.07 0.03          -0.05 0.0 0.0          0.0 -0.04 -0.02
         0.0 0.0 -0.13          0.0 0.0 -0.48          0.0 0.0 0.51
         0.0 0.0 -0.37          0.0 0.0 0.43          0.0 0.0 -0.39
         0.0 0.0 0.46          0.0 0.0 -0.14          0.0 0.0 0.06
         0.0 -0.07 0.03          0.05 0.0 0.0          0.0 0.04 -0.02
                                            
                                            
                                            
                                            
         0.11 -0.08 0.0          0.08 -0.08 0.0          0.01 0.06 0.0
         -0.07 -0.08 0.0          -0.04 -0.07 0.0          -0.02 -0.07 0.0
         -0.04 0.01 0.0          -0.05 0.02 0.0          -0.01 0.04 0.0
         -0.02 0.0 0.0          0.04 0.02 0.0          0.04 0.07 0.0
         -0.05 0.06 0.0          -0.05 0.01 0.0          0.04 -0.12 0.0
         0.09 0.1 0.0          0.06 0.1 0.0          -0.06 0.02 0.0
         0.0 -0.01 0.0          0.01 0.0 0.0          -0.05 0.0 0.0
         0.0 -0.01 0.0          0.04 0.0 0.0          0.04 0.0 0.0
         0.02 0.0 0.0          0.04 -0.02 0.0          0.04 -0.07 0.0
         0.04 0.01 0.0          -0.05 -0.02 0.0          -0.01 -0.04 0.0
         0.07 -0.08 0.0          -0.04 0.07 0.0          -0.02 0.07 0.0
         0.43 -0.09 0.0          -0.31 0.08 0.0          -0.06 0.08 0.0
         -0.11 -0.08 0.0          0.08 0.08 0.0          0.01 -0.06 0.0
         -0.09 0.1 0.0          0.06 -0.1 0.0          -0.06 -0.02 0.0
         0.05 0.06 0.0          -0.05 -0.01 0.0          0.04 0.12 0.0
         0.0 -0.01 0.0          0.14 0.0 0.0          -0.03 0.0 0.0
         0.05 -0.19 0.0          0.02 -0.2 0.0          0.19 0.35 0.0
         -0.43 -0.09 0.0          -0.31 -0.08 0.0          -0.06 -0.08 0.0
         -0.35 0.07 0.0          -0.37 0.01 0.0          0.32 -0.13 0.0
         0.0 0.28 0.0          -0.08 0.37 0.0          -0.24 0.31 0.0
         0.0 -0.02 -0.01          -0.15 0.0 0.0          -0.14 0.0 0.0
         -0.05 -0.19 0.0          0.02 0.2 0.0          0.19 -0.35 0.0
         0.0 0.28 0.0          -0.08 -0.37 0.0          -0.24 -0.31 0.0
         0.35 0.07 0.0          -0.37 -0.01 0.0          0.32 0.13 0.0
         0.0 -0.02 0.01          -0.15 0.0 0.0          -0.14 0.0 0.0
                                            
                                            
                                            
                                            
         0.0 0.0 -0.01          0.02 0.04 0.0          0.01 0.03 0.0
         0.0 0.0 0.01          -0.04 -0.06 0.0          -0.01 0.0 0.0
         0.0 0.0 0.01          -0.01 0.04 0.0          0.01 0.02 0.0
         0.0 0.0 -0.07          0.02 0.05 0.0          0.04 -0.02 0.0
         0.0 0.0 0.02          0.05 -0.07 0.0          -0.02 -0.01 0.0
         0.0 0.0 -0.01          -0.04 0.03 0.0          0.01 -0.04 0.0
         0.0 0.0 0.0          0.0 -0.06 0.0          -0.02 0.0 0.0
         0.0 0.0 0.0          0.0 -0.06 0.0          0.02 0.0 0.0
         0.0 0.0 0.07          -0.02 0.05 0.0          0.04 0.02 0.0
         0.0 0.0 -0.01          0.01 0.04 0.0          0.01 -0.02 0.0
         0.0 0.0 -0.01          0.04 -0.06 0.0          -0.01 0.0 0.0
         0.0 0.0 0.07          0.22 -0.06 0.0          -0.2 0.0 0.0
         0.0 0.0 0.01          -0.02 0.04 0.0          0.01 -0.03 0.0
         0.0 0.0 0.01          0.04 0.03 0.0          0.01 0.04 0.0
         0.0 0.0 -0.02          -0.05 -0.07 0.0          -0.02 0.01 0.0
         0.0 0.0 0.0          0.0 -0.06 0.0          0.0 0.0 0.0
         0.0 0.0 0.07          0.18 0.31 0.0          0.2 0.34 0.0
         0.0 0.0 -0.07          -0.22 -0.06 0.0          -0.2 0.0 0.0
         0.0 0.0 -0.04          0.38 -0.08 0.0          -0.33 -0.02 0.0
         0.0 0.0 0.0          -0.21 0.32 0.0          0.18 -0.33 0.0
         0.69 0.0 0.0          0.0 -0.03 0.03          -0.22 0.0 0.0
         0.0 0.0 -0.07          -0.18 0.31 0.0          0.2 -0.34 0.0
         0.0 0.0 0.0          0.21 0.32 0.0          0.18 0.33 0.0
         0.0 0.0 0.04          -0.38 -0.08 0.0          -0.33 0.02 0.0
         -0.7 0.0 0.0          0.0 -0.03 -0.03          -0.22 0.0 0.0
                                            
                                            
                                            
                                            
         0.02 0.04 0.0          -0.01 0.01 0.0          0.03 -0.01 0.0
         -0.02 0.0 0.0          -0.03 0.06 0.0          -0.06 0.1 0.0
         0.01 0.01 0.0          0.12 -0.04 0.0          0.0 -0.09 0.0
         0.0 0.0 0.0          0.03 -0.01 0.0          0.27 -0.16 0.0
         -0.01 -0.01 0.0          0.0 -0.01 0.0          0.06 0.0 0.0
         0.02 -0.03 0.0          -0.02 0.0 0.0          -0.12 -0.02 0.0
         0.0 -0.01 0.0          0.01 0.0 0.0          0.0 0.07 0.0
         0.0 0.0 0.0          -0.01 0.0 0.0          0.0 0.21 0.0
         0.0 0.0 0.0          0.03 0.01 0.0          -0.27 -0.16 0.0
         -0.01 0.01 0.0          0.12 0.04 0.0          0.0 -0.09 0.0
         0.02 0.0 0.0          -0.03 -0.06 0.0          0.06 0.1 0.0
         0.25 0.0 0.0          -0.37 -0.06 0.0          0.33 0.11 0.0
         -0.02 0.04 0.0          -0.01 -0.01 0.0          -0.03 -0.01 0.0
         -0.02 -0.03 0.0          -0.02 0.0 0.0          0.12 -0.02 0.0
         0.01 -0.01 0.0          0.0 0.01 0.0          -0.06 0.0 0.0
         0.0 -0.01 0.0          -0.72 0.0 0.0          0.0 0.07 0.0
         0.23 0.39 0.0          -0.11 -0.14 0.0          0.07 0.06 0.0
         -0.25 0.0 0.0          -0.37 0.06 0.0          -0.33 0.11 0.0
         -0.21 -0.01 0.0          0.05 -0.01 0.0          -0.25 -0.01 0.0
         0.21 -0.37 0.0          -0.08 0.1 0.0          -0.27 0.23 0.0
         0.0 -0.01 -0.01          -0.17 0.0 0.0          0.0 0.11 -0.08
         -0.23 0.39 0.0          -0.11 0.14 0.0          -0.07 0.06 0.0
         -0.21 -0.37 0.0          -0.08 -0.1 0.0          0.27 0.23 0.0
         0.21 -0.01 0.0          0.05 0.01 0.0          0.25 -0.01 0.0
         0.0 -0.01 0.01          -0.17 0.0 0.0          0.0 0.11 0.08
                                            
                                            
                                            
                                            
         0.03 0.0 0.0          -0.08 0.02 0.0          -0.01 0.02 0.0
         -0.04 0.04 0.0          0.05 0.01 0.0          0.03 0.02 0.0
         -0.02 -0.09 0.0          0.24 0.09 0.0          0.06 -0.05 0.0
         0.03 -0.12 0.0          0.07 0.07 0.0          -0.07 -0.08 0.0
         0.05 0.04 0.0          -0.03 -0.07 0.0          0.0 0.03 0.0
         -0.04 0.0 0.0          0.0 0.0 0.0          0.0 0.04 0.0
         0.05 0.0 0.0          0.0 -0.18 0.0          0.0 0.03 0.0
         -0.05 0.0 0.0          0.0 -0.01 0.0          0.0 0.04 0.0
         0.03 0.12 0.0          -0.07 0.07 0.0          0.07 -0.08 0.0
         -0.02 0.09 0.0          -0.24 0.09 0.0          -0.06 -0.05 0.0
         -0.04 -0.04 0.0          -0.05 0.01 0.0          -0.03 0.02 0.0
         -0.19 -0.05 0.0          0.32 0.02 0.0          0.47 0.03 0.0
         0.03 0.0 0.0          0.08 0.02 0.0          0.01 0.02 0.0
         -0.04 0.0 0.0          0.0 0.0 0.0          0.0 0.04 0.0
         0.05 -0.04 0.0          0.03 -0.07 0.0          0.0 0.03 0.0
         0.68 0.0 0.0          0.0 -0.21 0.0          0.0 0.03 0.0
         0.05 0.04 0.0          -0.26 -0.26 0.0          -0.1 -0.12 0.0
         -0.19 0.05 0.0          -0.32 0.02 0.0          -0.47 0.03 0.0
         0.26 0.04 0.0          -0.35 -0.08 0.0          0.44 0.03 0.0
         -0.08 0.05 0.0          -0.04 0.06 0.0          0.09 -0.11 0.0
         -0.33 0.0 0.0          0.0 0.04 0.04          0.0 -0.08 -0.09
         0.05 -0.04 0.0          0.26 -0.26 0.0          0.1 -0.12 0.0
         -0.08 -0.05 0.0          0.04 0.06 0.0          -0.09 -0.11 0.0
         0.26 -0.04 0.0          0.35 -0.08 0.0          -0.44 0.03 0.0
         -0.33 0.0 0.0          0.0 0.04 -0.04          0.0 -0.08 0.09
                                            
                                            
                                            
                                            
         0.01 0.02 0.0          0.02 0.04 0.0          -0.11 -0.13 0.0
         -0.04 -0.02 0.0          -0.03 0.01 0.0          0.22 0.0 0.0
         0.09 0.1 0.0          0.01 -0.07 0.0          -0.06 0.2 0.0
         0.04 -0.06 0.0          0.02 0.03 0.0          0.01 -0.19 0.0
         0.03 0.01 0.0          -0.05 0.0 0.0          0.16 -0.01 0.0
         -0.04 -0.05 0.0          0.02 -0.03 0.0          -0.06 0.14 0.0
         -0.11 0.0 0.0          0.0 0.03 0.0          -0.08 0.0 0.0
         -0.01 0.0 0.0          0.0 -0.07 0.0          -0.17 0.0 0.0
         0.04 0.06 0.0          -0.02 0.03 0.0          0.01 0.19 0.0
         0.09 -0.1 0.0          -0.01 -0.07 0.0          -0.06 -0.2 0.0
         -0.04 0.02 0.0          0.03 0.01 0.0          0.22 0.0 0.0
         0.44 0.02 0.0          0.07 0.01 0.0          -0.43 0.0 0.0
         0.01 -0.02 0.0          -0.02 0.04 0.0          -0.11 0.13 0.0
         -0.04 0.05 0.0          -0.02 -0.03 0.0          -0.06 -0.14 0.0
         0.03 -0.01 0.0          0.05 0.0 0.0          0.16 0.01 0.0
         0.16 0.0 0.0          0.0 0.03 0.0          -0.26 0.0 0.0
         -0.13 -0.19 0.0          -0.04 -0.06 0.0          0.05 0.15 0.0
         0.44 -0.02 0.0          -0.07 0.01 0.0          -0.43 0.0 0.0
         -0.29 0.0 0.0          0.12 0.01 0.0          -0.06 -0.02 0.0
         -0.16 0.13 0.0          0.01 -0.01 0.0          0.01 0.02 0.0
         -0.29 0.0 0.0          0.0 0.52 0.44          0.16 0.0 0.0
         -0.13 0.19 0.0          0.04 -0.06 0.0          0.05 -0.15 0.0
         -0.16 -0.13 0.0          -0.01 -0.01 0.0          0.01 -0.02 0.0
         -0.29 0.0 0.0          -0.12 0.01 0.0          -0.06 0.02 0.0
         -0.29 0.0 0.0          0.0 0.52 -0.44          0.16 0.0 0.0
                                            
                                            
                                            
                                            
         0.06 0.11 0.0          0.02 0.03 0.0          -0.03 -0.08 0.0
         -0.12 0.0 0.0          0.05 -0.04 0.0          -0.04 0.02 0.0
         0.05 -0.12 0.0          0.01 0.06 0.0          -0.03 0.01 0.0
         0.06 0.11 0.0          -0.07 -0.02 0.0          -0.12 -0.04 0.0
         -0.13 0.01 0.0          -0.05 -0.01 0.0          0.06 0.04 0.0
         0.06 -0.11 0.0          -0.01 0.06 0.0          0.01 0.0 0.0
         0.0 0.03 0.0          -0.06 0.0 0.0          0.16 0.0 0.0
         0.0 0.04 0.0          0.18 0.0 0.0          0.16 0.0 0.0
         -0.06 0.11 0.0          -0.07 0.02 0.0          -0.12 0.04 0.0
         -0.05 -0.12 0.0          0.01 -0.06 0.0          -0.03 -0.01 0.0
         0.12 0.0 0.0          0.05 0.04 0.0          -0.04 -0.02 0.0
         -0.12 0.0 0.0          -0.11 0.05 0.0          0.29 -0.03 0.0
         -0.06 0.11 0.0          0.02 -0.03 0.0          -0.03 0.08 0.0
         -0.06 -0.11 0.0          -0.01 -0.06 0.0          0.01 0.0 0.0
         0.13 0.01 0.0          -0.05 0.01 0.0          0.06 -0.04 0.0
         0.0 0.03 0.0          0.07 0.0 0.0          -0.46 0.0 0.0
         -0.06 -0.09 0.0          -0.16 -0.27 0.0          0.19 0.28 0.0
         0.12 0.0 0.0          -0.11 -0.05 0.0          0.29 0.03 0.0
         0.17 0.01 0.0          0.33 -0.01 0.0          -0.09 0.05 0.0
         -0.04 0.07 0.0          0.18 -0.28 0.0          -0.07 0.16 0.0
         0.0 -0.45 -0.37          -0.35 0.0 0.0          -0.31 0.0 0.0
         0.06 -0.09 0.0          -0.16 0.27 0.0          0.19 -0.28 0.0
         0.04 0.07 0.0          0.18 0.28 0.0          -0.07 -0.16 0.0
         -0.17 0.01 0.0          0.33 0.01 0.0          -0.09 -0.05 0.0
         0.0 -0.45 0.37          -0.35 0.0 0.0          -0.31 0.0 0.0
                                            
                                            
                                            
                                            
         0.09 0.05 0.0          -0.09 0.0 0.0          -0.07 0.02 0.0
         -0.01 -0.06 0.0          0.04 0.0 0.0          0.11 0.02 0.0
         -0.07 0.05 0.0          0.02 0.07 0.0          0.05 -0.08 0.0
         0.09 0.03 0.0          0.02 -0.08 0.0          -0.12 0.09 0.0
         -0.02 -0.07 0.0          -0.16 0.08 0.0          0.09 0.01 0.0
         -0.1 0.1 0.0          0.17 -0.12 0.0          0.01 -0.07 0.0
         0.0 -0.02 0.0          -0.08 0.0 0.0          -0.13 0.0 0.0
         0.0 0.0 0.0          0.01 0.0 0.0          0.11 0.0 0.0
         -0.09 0.03 0.0          0.02 0.08 0.0          -0.12 -0.09 0.0
         0.07 0.05 0.0          0.02 -0.07 0.0          0.05 0.08 0.0
         0.01 -0.06 0.0          0.04 0.0 0.0          0.11 -0.02 0.0
         -0.02 -0.07 0.0          -0.08 0.0 0.0          -0.33 -0.03 0.0
         -0.09 0.05 0.0          -0.09 0.0 0.0          -0.07 -0.02 0.0
         0.1 0.1 0.0          0.17 0.12 0.0          0.01 0.07 0.0
         0.02 -0.07 0.0          -0.16 -0.08 0.0          0.09 -0.01 0.0
         0.0 -0.02 0.0          0.05 0.0 0.0          0.47 0.0 0.0
         -0.15 -0.37 0.0          0.07 0.28 0.0          -0.08 0.02 0.0
         0.02 -0.07 0.0          -0.08 0.0 0.0          -0.33 0.03 0.0
         0.12 -0.09 0.0          0.36 0.1 0.0          -0.36 0.02 0.0
         0.22 -0.46 0.0          -0.11 0.4 0.0          -0.16 0.21 0.0
         0.0 -0.03 -0.02          -0.02 0.0 0.0          -0.05 0.0 0.0
         0.15 -0.37 0.0          0.07 -0.28 0.0          -0.08 -0.02 0.0
         -0.22 -0.46 0.0          -0.11 -0.4 0.0          -0.16 -0.21 0.0
         -0.12 -0.09 0.0          0.36 -0.1 0.0          -0.36 -0.02 0.0
         0.0 -0.03 0.02          -0.02 0.0 0.0          -0.05 0.0 0.0
                                            
                                            
                                            
                                            
         -0.01 0.09 0.0          -0.05 -0.2 0.0          0.14 0.22 0.0
         0.14 -0.02 0.0          -0.07 0.09 0.0          -0.14 -0.09 0.0
         -0.11 -0.11 0.0          0.17 -0.05 0.0          0.07 0.13 0.0
         -0.04 0.12 0.0          -0.01 0.05 0.0          -0.14 -0.17 0.0
         0.11 -0.01 0.0          -0.05 -0.05 0.0          0.16 0.07 0.0
         -0.04 -0.07 0.0          0.01 0.16 0.0          -0.05 -0.15 0.0
         0.0 0.07 0.0          -0.2 0.0 0.0          0.0 -0.03 0.0
         0.0 -0.05 0.0          0.01 0.0 0.0          0.0 0.02 0.0
         0.04 0.12 0.0          -0.01 -0.05 0.0          0.14 -0.17 0.0
         0.11 -0.11 0.0          0.17 0.05 0.0          -0.07 0.13 0.0
         -0.14 -0.02 0.0          -0.07 -0.09 0.0          0.14 -0.09 0.0
         0.43 -0.02 0.0          0.23 -0.11 0.0          -0.16 -0.1 0.0
         0.01 0.09 0.0          -0.05 0.2 0.0          -0.14 0.22 0.0
         0.04 -0.07 0.0          0.01 -0.16 0.0          0.05 -0.15 0.0
         -0.11 -0.01 0.0          -0.05 0.05 0.0          -0.16 0.07 0.0
         0.0 0.07 0.0          0.39 0.0 0.0          0.0 -0.03 0.0
         -0.19 -0.17 0.0          0.26 0.28 0.0          -0.18 -0.29 0.0
         -0.43 -0.02 0.0          0.23 0.11 0.0          0.16 -0.1 0.0
         -0.36 -0.01 0.0          0.15 -0.05 0.0          -0.25 0.08 0.0
         -0.13 0.07 0.0          0.19 -0.12 0.0          -0.18 0.04 0.0
         0.0 -0.1 -0.04          0.02 0.0 0.0          0.0 0.11 0.07
         0.19 -0.17 0.0          0.26 -0.28 0.0          0.18 -0.29 0.0
         0.14 0.07 0.0          0.19 0.12 0.0          0.18 0.04 0.0
         0.36 -0.01 0.0          0.15 0.05 0.0          0.25 0.08 0.0
         0.0 -0.1 0.04          0.02 0.0 0.0          0.0 0.11 -0.07
                                            
                                            
                                            
                                            
         -0.06 0.1 0.0          0.0 0.0 0.0          0.0 0.0 0.0
         0.19 -0.08 0.0          0.0 0.0 0.0          0.0 0.0 0.0
         -0.18 0.21 0.0          0.0 0.0 0.0          0.0 0.0 0.0
         0.14 -0.13 0.0          0.0 0.0 0.0          0.0 0.0 0.0
         -0.21 0.06 0.0          0.0 0.0 0.0          0.0 0.0 0.0
         0.14 -0.17 0.0          0.0 0.0 0.0          0.0 0.0 0.0
         0.0 -0.06 0.0          0.0 0.0 0.0          0.0 0.0 0.0
         0.0 0.05 0.0          0.0 0.07 0.0          0.0 0.0 0.09
         -0.14 -0.13 0.0          0.0 0.0 0.0          0.0 0.0 0.0
         0.18 0.21 0.0          0.0 0.0 0.0          0.0 0.0 0.0
         -0.19 -0.08 0.0          0.0 0.0 0.0          0.0 0.0 0.0
         0.24 -0.09 0.0          0.0 0.0 0.0          0.0 0.0 0.0
         0.06 0.1 0.0          0.0 0.0 0.0          0.0 0.0 0.0
         -0.14 -0.17 0.0          0.0 0.0 0.0          0.0 0.0 0.0
         0.21 0.06 0.0          0.0 0.0 0.0          0.0 0.0 0.0
         0.0 -0.05 0.0          0.0 0.0 0.0          0.0 0.0 0.0
         -0.15 -0.01 0.0          0.0 0.0 0.0          0.0 0.0 0.0
         -0.24 -0.09 0.0          0.0 0.0 0.0          0.0 0.0 0.0
         0.28 0.07 0.0          0.0 0.0 0.0          0.0 0.0 0.0
         -0.08 0.22 0.0          0.0 0.0 0.0          0.0 0.0 0.0
         0.0 0.04 -0.01          0.0 -0.42 0.57          0.0 0.46 -0.54
         0.15 -0.01 0.0          0.0 0.0 0.0          0.0 0.0 0.0
         0.08 0.22 0.0          0.0 0.0 0.0          0.0 0.0 0.0
         -0.28 0.07 0.0          0.0 0.0 0.0          0.0 0.0 0.0
         0.0 0.04 0.01          0.0 -0.42 -0.57          0.0 -0.46 -0.54
                                            
                                            
                                            
                                            
         0.0 0.0 0.0          0.0 0.0 0.0          0.01 -0.01 0.0
         0.0 -0.01 0.0          0.0 -0.01 0.0          0.0 0.06 0.0
         0.0 0.0 0.0          0.0 0.0 0.0          0.0 0.0 0.0
         0.0 0.0 0.0          0.0 0.0 0.0          0.0 0.0 0.0
         0.0 -0.06 0.0          0.0 -0.06 0.0          0.0 -0.01 0.0
         0.01 0.01 0.0          0.01 0.01 0.0          0.0 0.0 0.0
         0.0 0.0 0.0          0.0 0.0 0.0          0.0 0.0 0.0
         0.0 0.0 0.0          0.0 0.0 0.0          0.0 0.0 0.0
         0.0 0.0 0.0          0.0 0.0 0.0          0.0 0.0 0.0
         0.0 0.0 0.0          0.0 0.0 0.0          0.0 0.0 0.0
         0.0 0.01 0.0          0.0 -0.01 0.0          0.0 -0.06 0.0
         0.0 -0.08 0.0          0.0 0.09 0.0          0.0 0.69 0.0
         0.0 0.0 0.0          0.0 0.0 0.0          0.01 0.01 0.0
         0.01 -0.01 0.0          -0.01 0.01 0.0          0.0 0.0 0.0
         0.0 0.06 0.0          0.0 -0.06 0.0          0.0 0.01 0.0
         0.0 0.0 0.0          0.0 -0.01 0.0          0.0 0.0 0.0
         0.03 -0.02 0.0          0.03 -0.02 0.0          -0.11 0.07 0.0
         0.0 0.08 0.0          0.0 0.09 0.0          0.0 -0.68 0.0
         0.0 0.69 0.0          0.0 0.69 0.0          0.0 0.09 0.0
         -0.09 -0.05 0.0          -0.09 -0.06 0.0          0.01 0.01 0.0
         0.0 0.0 0.0          0.0 0.0 0.0          0.0 0.0 0.0
         0.03 0.02 0.0          -0.03 -0.02 0.0          -0.11 -0.07 0.0
         -0.09 0.05 0.0          0.09 -0.06 0.0          0.01 -0.01 0.0
         0.0 -0.69 0.0          0.0 0.69 0.0          0.0 -0.09 0.0
         0.0 0.0 0.0          0.0 0.0 0.0          0.0 0.0 0.0
                                            
                                            
                                            
                                            
         -0.01 0.01 0.0          0.0 0.0 0.0          -0.04 0.02 0.0
         0.0 -0.06 0.0          0.0 -0.01 0.0          0.0 0.01 0.0
         0.0 0.0 0.0          0.0 0.0 0.0          0.0 0.0 0.0
         0.0 0.0 0.0          0.0 0.0 0.0          0.0 0.0 0.0
         0.0 0.01 0.0          0.0 0.0 0.0          0.0 0.01 0.0
         0.0 0.0 0.0          0.0 0.0 0.0          0.03 0.02 0.0
         0.0 0.01 0.0          0.0 -0.09 0.0          0.0 0.0 0.0
         0.0 0.0 0.0          0.0 0.0 0.0          0.0 0.0 0.0
         0.0 0.0 0.0          0.0 0.0 0.0          0.0 0.0 0.0
         0.0 0.0 0.0          0.0 0.0 0.0          0.0 0.0 0.0
         0.0 -0.06 0.0          0.0 -0.01 0.0          0.0 -0.01 0.0
         0.0 0.68 0.0          0.0 0.1 0.0          0.0 0.12 0.0
         0.01 0.01 0.0          0.0 0.0 0.0          -0.04 -0.02 0.0
         0.0 0.0 0.0          0.0 0.0 0.0          0.03 -0.02 0.0
         0.0 0.01 0.0          0.0 0.0 0.0          0.0 -0.01 0.0
         0.0 -0.15 0.0          0.0 0.98 0.0          0.0 0.0 0.0
         0.11 -0.07 0.0          0.02 -0.01 0.0          0.47 -0.28 0.0
         0.0 0.68 0.0          0.0 0.1 0.0          0.0 -0.12 0.0
         0.0 -0.09 0.0          0.0 -0.01 0.0          0.0 -0.07 0.0
         -0.01 0.0 0.0          0.0 0.0 0.0          -0.36 -0.21 0.0
         0.0 0.0 0.0          0.0 0.0 0.0          0.0 0.0 0.0
         -0.11 -0.07 0.0          -0.02 -0.01 0.0          0.47 0.28 0.0
         0.01 0.0 0.0          0.0 0.0 0.0          -0.36 0.21 0.0
         0.0 -0.09 0.0          0.0 -0.01 0.0          0.0 0.07 0.0
         0.0 0.0 0.0          0.0 0.0 0.0          0.0 0.0 0.0
                                            
                                            
                                            
                                            
         0.04 -0.02 0.0          -0.03 0.02 0.0          -0.03 0.02 0.0
         0.0 -0.01 0.0          0.0 0.01 0.0          0.0 0.01 0.0
         0.0 0.0 0.0          0.0 0.0 0.0          0.0 0.0 0.0
         0.0 0.0 0.0          0.0 0.0 0.0          0.0 0.0 0.0
         0.0 -0.01 0.0          0.0 -0.01 0.0          0.0 -0.01 0.0
         -0.03 -0.02 0.0          -0.04 -0.03 0.0          -0.04 -0.03 0.0
         0.0 0.0 0.0          0.0 0.0 0.0          0.0 0.0 0.0
         0.0 0.0 0.0          0.0 0.0 0.0          0.0 0.0 0.0
         0.0 0.0 0.0          0.0 0.0 0.0          0.0 0.0 0.0
         0.0 0.0 0.0          0.0 0.0 0.0          0.0 0.0 0.0
         0.0 -0.01 0.0          0.0 -0.01 0.0          0.0 0.01 0.0
         0.0 0.12 0.0          0.0 0.06 0.0          0.0 -0.06 0.0
         -0.04 -0.02 0.0          -0.03 -0.02 0.0          0.03 0.02 0.0
         0.03 -0.02 0.0          -0.04 0.03 0.0          0.04 -0.03 0.0
         0.0 -0.01 0.0          0.0 0.01 0.0          0.0 -0.01 0.0
         0.0 -0.01 0.0          0.0 0.0 0.0          0.0 -0.01 0.0
         -0.48 0.29 0.0          0.36 -0.22 0.0          0.35 -0.21 0.0
         0.0 0.12 0.0          0.0 -0.06 0.0          0.0 -0.06 0.0
         0.0 0.07 0.0          0.0 0.07 0.0          0.0 0.07 0.0
         0.35 0.2 0.0          0.48 0.28 0.0          0.49 0.28 0.0
         0.0 0.0 0.0          0.0 0.0 0.0          0.0 0.0 0.0
         0.48 0.29 0.0          0.36 0.22 0.0          -0.35 -0.21 0.0
         -0.35 0.2 0.0          0.48 -0.28 0.0          -0.49 0.28 0.0
         0.0 0.07 0.0          0.0 -0.07 0.0          0.0 0.07 0.0
         0.0 0.0 0.0          0.0 0.0 0.0          0.0 0.0 0.0
                                            
                                            
                                            
                                            
