-5.000000000000000000e-01 -1.874008315950194446e+04
-4.000000000000000222e-01 -2.019317055057629477e+04
-2.999999999999999889e-01 -2.132102720917211263e+04
-2.000000000000000111e-01 -2.212374266635319509e+04
-1.000000000000000056e-01 -2.260503570947048502e+04
0.000000000000000000e+00 -2.276475467184959052e+04
1.000000000000000056e-01 -2.260504997531832487e+04
2.000000000000000111e-01 -2.212385701263315423e+04
2.999999999999999889e-01 -2.132060559361649575e+04
4.000000000000000222e-01 -2.019407917544245356e+04
5.000000000000000000e-01 -1.874103962495756787e+04
