-5.000000000000000000e-01 3.793981252498056165e+03
-4.000000000000000222e-01 2.423164409423701727e+03
-2.999999999999999889e-01 1.360640244827885454e+03
-2.000000000000000111e-01 6.038995056468050961e+02
-1.000000000000000056e-01 1.508365525295127156e+02
0.000000000000000000e+00 -1.009584958940195135e-02
1.000000000000000056e-01 1.508222866816715566e+02
2.000000000000000111e-01 6.037851593668453916e+02
2.999999999999999889e-01 1.360255286383501243e+03
4.000000000000000222e-01 2.422255784557543393e+03
5.000000000000000000e-01 3.792218213042428943e+03
