    C    2.4809    1.3691    0.0
    C    3.686    0.6733    0.0
    C    3.6799    -0.7185    0.0
    C    2.4789    -1.4082    0.0
    C    -2.4477    -1.39    0.0
    C    -3.6891    -0.6937    0.0
    C    -3.7189    0.6874    0.0
    C    -2.5083    1.3679    0.0
    C    -0.0088    1.4665    0.0
    C    0.0244    -1.4207    0.0
    C    1.2659    0.6934    0.0
    C    1.2471    -0.723    0.0
    C    -1.2586    0.6781    0.0
    C    -1.2271    -0.7206    0.0
    H    2.4861    2.4521    0.0
    H    4.6213    1.2139    0.0
    H    4.6125    -1.2645    0.0
    H    2.4745    -2.4904    0.0
    H    0.0225    -2.5017    0.0
    H    -2.4599    -2.4727    0.0
    H    -4.6067    -1.2654    0.0
    H    -4.6546    1.2254    0.0
    H    -2.4945    2.4512    0.0
    H    -0.032    2.1555    -0.8607
    H    -0.032    2.1555    0.8607
