-5.000000000000000000e-01 -8.724311727872729534e+03
-4.000000000000000222e-01 -9.385299723292033377e+03
-2.999999999999999889e-01 -9.899943378570187633e+03
-2.000000000000000111e-01 -1.026777537416289488e+04
-1.000000000000000056e-01 -1.048876843703620943e+04
0.000000000000000000e+00 -1.056252153868051209e+04
1.000000000000000056e-01 -1.048877721602717429e+04
2.000000000000000111e-01 -1.026784582548803337e+04
2.999999999999999889e-01 -9.900180630623841353e+03
4.000000000000000222e-01 -9.385859822461434305e+03
5.000000000000000000e-01 -8.725403394540802765e+03
