-5.000000000000000000e-01 1.333548717212726842e+04
-4.000000000000000222e-01 1.290598591470796782e+04
-2.999999999999999889e-01 1.258733974142980878e+04
-2.000000000000000111e-01 1.237033708383710473e+04
-1.000000000000000056e-01 1.224532632696378823e+04
0.000000000000000000e+00 1.220464275931948760e+04
1.000000000000000056e-01 1.224531754797282338e+04
2.000000000000000111e-01 1.237026663251196624e+04
2.999999999999999889e-01 1.258710248937615506e+04
4.000000000000000222e-01 1.290542581553856689e+04
5.000000000000000000e-01 1.333439550545919519e+04
