    -2.366471   -1.551449    0.000000
    -2.317812   -2.942226    0.000000
    -1.086271   -3.590825    0.000000
     0.086391   -2.854621    0.000000
     2.383882    1.502896    0.000000
     2.352960    2.926390    0.000000
     1.148212    3.602089    0.000000
    -0.021368    2.853279    0.000000
    -1.283460    0.692712    0.000000
     1.249583   -0.693628    0.000000
    -1.199681   -0.796199    0.000000
     0.059605   -1.445143    0.000000
     0.000000    1.425490    0.000000
     1.219557    0.740153    0.000000
    -3.325248   -1.047886    0.000000
    -3.234362   -3.514059    0.000000
    -1.042527   -4.670582    0.000000
     1.044041   -3.358549    0.000000
     2.204927   -1.199455    0.000000
     3.345494    1.005073    0.000000
     3.289072    3.467265    0.000000
     1.113177    4.680875    0.000000
    -0.984206    3.349900    0.000000
    -1.880566    1.036955    0.860842
    -1.880566    1.036955   -0.860842
