       0.000000    2.501271    1.362725
       0.000000    3.670189    0.616672
       0.000000    3.646884   -0.783823
       0.000000    2.440958   -1.433448
      -0.000000   -2.440958   -1.433448
      -0.000000   -3.646884   -0.783823
      -0.000000   -3.670189    0.616672
      -0.000000   -2.501271    1.362725
      -0.000000   -0.000000    1.510933
       0.000000    0.000000   -1.344285
       0.000000    1.270311    0.728403
       0.000000    1.238050   -0.688352
      -0.000000   -1.270311    0.728403
      -0.000000   -1.238050   -0.688352
       0.000000    2.550842    2.443708
       0.000000    4.622827    1.129335
       0.000000    4.572755   -1.339850
       0.000000    2.390472   -2.514484
       0.000000    0.000000   -2.430437
      -0.000000   -2.390472   -2.514484
      -0.000000   -4.572755   -1.339850
      -0.000000   -4.622827    1.129335
      -0.000000   -2.550842    2.443708
      -0.865749    0.000000    2.183505
       0.865749   -0.000000    2.183505
