   -0.00  -0.00  -0.07   
   -0.00  -0.00  -0.19   
   -0.00   0.00  -0.15   
   -0.00   0.00   0.01   
    0.00   0.00  -0.03   
    0.00  -0.00  -0.17   
   -0.00  -0.00  -0.17   
   -0.00  -0.00  -0.03   
    0.00  -0.00   0.22   
    0.00   0.00   0.19   
   -0.00  -0.00   0.08   
   -0.00   0.00   0.11   
   -0.00   0.00   0.09   
    0.00   0.00   0.11   
   -0.00  -0.00  -0.09   
   -0.00  -0.00  -0.32   
    0.00   0.00  -0.23   
    0.00   0.00   0.03   
   -0.00   0.00   0.22   
    0.00   0.00  -0.05   
    0.00  -0.00  -0.27   
    0.00  -0.00  -0.28   
   -0.00   0.00  -0.00   
    0.18  -0.10   0.39   
   -0.18   0.10   0.39   
