                      1                      2                      3
                     A"                     A"                     A"
 Frequencies --     53.6744               105.6176               186.2270
 Red. masses --      3.7155                 3.5794                 2.1646
 Frc consts  --      0.0063                 0.0235                 0.0442
 IR Inten    --      0.1136                 0.0221                 8.3335
  Atom  AN      X      Y      Z        X      Y      Z        X      Y      Z
     1   6    -0.00  -0.00  -0.07     0.00   0.00  -0.19    -0.00  -0.00  -0.08
     2   6    -0.00  -0.00  -0.19     0.00   0.00  -0.10    -0.00  -0.00  -0.04
     3   6    -0.00   0.00  -0.15     0.00  -0.00   0.13    -0.00   0.00   0.09
     4   6    -0.00   0.00   0.01     0.00  -0.00   0.19    -0.00   0.00   0.07
     5   6     0.00   0.00  -0.03    -0.00  -0.00  -0.21     0.00   0.00   0.01
     6   6     0.00  -0.00  -0.17    -0.00   0.00  -0.12     0.00  -0.00   0.12
     7   6    -0.00  -0.00  -0.17     0.00   0.00   0.14    -0.00  -0.00   0.02
     8   6    -0.00  -0.00  -0.03     0.00   0.00   0.21    -0.00  -0.00  -0.10
     9   6     0.00  -0.00   0.22    -0.00   0.00  -0.04     0.00  -0.00   0.16
    10   6     0.00   0.00   0.19    -0.00  -0.00  -0.00     0.00   0.00  -0.11
    11   6    -0.00  -0.00   0.08    -0.00   0.00  -0.07    -0.00  -0.00  -0.02
    12   6    -0.00   0.00   0.11    -0.00  -0.00   0.05    -0.00   0.00  -0.02
    13   6    -0.00   0.00   0.09     0.00  -0.00   0.05    -0.00   0.00  -0.09
    14   6     0.00   0.00   0.11    -0.00  -0.00  -0.05     0.00   0.00  -0.12
    15   1    -0.00  -0.00  -0.09     0.00  -0.00  -0.33    -0.00  -0.00  -0.12
    16   1    -0.00  -0.00  -0.32     0.00   0.00  -0.19    -0.00  -0.00  -0.07
    17   1     0.00   0.00  -0.23     0.00  -0.00   0.24    -0.00   0.00   0.19
    18   1     0.00   0.00   0.03     0.00  -0.00   0.34    -0.00   0.00   0.12
    19   1    -0.00   0.00   0.22    -0.00  -0.00   0.01     0.00   0.00  -0.14
    20   1     0.00   0.00  -0.05    -0.00  -0.00  -0.40     0.00   0.00   0.07
    21   1     0.00  -0.00  -0.27     0.00  -0.00  -0.22    -0.00   0.00   0.27
    22   1     0.00  -0.00  -0.28     0.00   0.00   0.26    -0.00  -0.00   0.06
    23   1    -0.00   0.00  -0.00     0.00   0.00   0.39    -0.00  -0.00  -0.16
    24   1     0.18  -0.10   0.39    -0.05  -0.02  -0.06     0.34  -0.15   0.46
    25   1    -0.18   0.10   0.39     0.05   0.02  -0.06    -0.34   0.15   0.46
                      4                      5                      6
                     A"                     A'                     A"
 Frequencies --    223.8238               232.0740               278.1588
 Red. masses --      4.1974                 4.3949                 2.7911
 Frc consts  --      0.1239                 0.1395                 0.1272
 IR Inten    --      2.5659                13.2857                 2.5913
  Atom  AN      X      Y      Z        X      Y      Z        X      Y      Z
     1   6     0.00   0.00   0.16    -0.04  -0.12   0.00     0.00   0.00  -0.02
     2   6     0.00   0.00  -0.14     0.13  -0.13   0.00     0.00   0.00   0.12
     3   6    -0.00  -0.00  -0.17     0.18  -0.04  -0.00     0.00  -0.00  -0.02
     4   6    -0.00  -0.00   0.13     0.08   0.08  -0.00    -0.00  -0.00  -0.11
     5   6    -0.00  -0.00  -0.15    -0.05  -0.11  -0.00    -0.00  -0.00  -0.14
     6   6    -0.00   0.00   0.08     0.13  -0.12   0.00    -0.00   0.00   0.01
     7   6    -0.00   0.00   0.15     0.18  -0.02   0.00    -0.00   0.00   0.14
     8   6    -0.00  -0.00  -0.11     0.08   0.11  -0.00     0.00   0.00  -0.07
     9   6    -0.00   0.00  -0.05    -0.14   0.08   0.00    -0.00   0.00  -0.02
    10   6     0.00  -0.00   0.02    -0.14   0.06   0.00     0.00  -0.00   0.25
    11   6     0.00   0.00   0.22    -0.13   0.03  -0.00     0.00   0.00  -0.12
    12   6     0.00  -0.00   0.21    -0.10   0.07  -0.00     0.00  -0.00  -0.01
    13   6     0.00  -0.00  -0.15    -0.10   0.09  -0.00     0.00  -0.00  -0.11
    14   6     0.00  -0.00  -0.15    -0.13   0.04  -0.00     0.00  -0.00   0.03
    15   1     0.00   0.00   0.19    -0.11  -0.26   0.00     0.00   0.00   0.01
    16   1    -0.00   0.00  -0.34     0.18  -0.21   0.00     0.00   0.00   0.30
    17   1    -0.00  -0.00  -0.39     0.27  -0.04  -0.00    -0.00  -0.00  -0.02
    18   1    -0.00  -0.00   0.15     0.15   0.22  -0.00    -0.00  -0.00  -0.19
    19   1     0.00  -0.00  -0.02    -0.14   0.07   0.00     0.00  -0.00   0.53
    20   1     0.00   0.00  -0.20    -0.12  -0.25  -0.00    -0.00   0.00  -0.31
    21   1    -0.00   0.00   0.20     0.18  -0.21   0.00    -0.00  -0.00   0.04
    22   1    -0.00   0.00   0.31     0.28  -0.02   0.00    -0.00   0.00   0.31
    23   1    -0.00  -0.00  -0.21     0.15   0.25  -0.00    -0.00  -0.00  -0.11
    24   1    -0.08   0.20  -0.19    -0.13   0.08   0.00     0.24  -0.12   0.20
    25   1     0.08  -0.20  -0.19    -0.13   0.08  -0.00    -0.24   0.12   0.20
                      7                      8                      9
                     A'                     A"                     A'
 Frequencies --    366.3344               368.2280               376.9047
 Red. masses --      6.1707                 2.4885                 6.3701
 Frc consts  --      0.4879                 0.1988                 0.5332
 IR Inten    --    769.5181                 7.2415                 8.1625
  Atom  AN      X      Y      Z        X      Y      Z        X      Y      Z
     1   6    -0.13  -0.04   0.00    -0.00  -0.00  -0.06    -0.15  -0.22   0.00
     2   6    -0.02  -0.04   0.00    -0.00  -0.00  -0.00    -0.13  -0.24   0.00
     3   6     0.05   0.16  -0.00     0.00   0.00   0.05    -0.08  -0.15  -0.00
     4   6     0.02   0.31   0.00     0.00   0.00  -0.05    -0.12  -0.03  -0.00
     5   6     0.19   0.01   0.00     0.00  -0.00  -0.17     0.15   0.23  -0.00
     6   6     0.02  -0.07  -0.00     0.00  -0.00   0.14     0.12   0.25   0.00
     7   6    -0.09  -0.25   0.00    -0.00  -0.00  -0.04     0.07   0.16   0.00
     8   6    -0.08  -0.27   0.00    -0.00  -0.00  -0.13     0.12   0.03  -0.00
     9   6    -0.02  -0.04  -0.00    -0.00  -0.00   0.04     0.06  -0.04  -0.00
    10   6     0.06   0.11   0.00     0.00   0.00  -0.03    -0.06   0.04   0.00
    11   6    -0.11   0.06  -0.00    -0.00   0.00   0.04    -0.15  -0.10  -0.00
    12   6    -0.07   0.22  -0.00    -0.00   0.00  -0.01    -0.11  -0.02  -0.00
    13   6     0.04  -0.14  -0.00     0.00  -0.00   0.20     0.13   0.02   0.00
    14   6     0.15  -0.00  -0.00     0.00  -0.00   0.13     0.15   0.09   0.00
    15   1    -0.15  -0.08   0.00    -0.00  -0.00  -0.14    -0.18  -0.28   0.00
    16   1     0.05  -0.16   0.00     0.00  -0.00  -0.01    -0.11  -0.28   0.00
    17   1     0.23   0.17  -0.00     0.00   0.00   0.12     0.04  -0.15  -0.00
    18   1     0.05   0.37   0.00     0.00   0.00  -0.11    -0.11  -0.01   0.00
    19   1    -0.03  -0.05   0.00    -0.00  -0.00  -0.18    -0.11  -0.07   0.00
    20   1     0.19   0.02   0.00     0.00   0.00  -0.61     0.19   0.29  -0.00
    21   1    -0.08   0.10  -0.00    -0.00   0.00   0.36     0.10   0.28   0.00
    22   1    -0.19  -0.25   0.00    -0.00  -0.00  -0.07    -0.05   0.15   0.00
    23   1    -0.09  -0.29   0.00    -0.00  -0.00  -0.38     0.10   0.00  -0.00
    24   1    -0.02   0.01  -0.01    -0.21   0.04  -0.14     0.09   0.02  -0.01
    25   1    -0.02   0.01   0.01     0.21  -0.04  -0.14     0.09   0.02   0.01
                     10                     11                     12
                     A'                     A"                     A"
 Frequencies --    421.6578               422.6427               447.3599
 Red. masses --      4.6803                 2.6795                 2.4033
 Frc consts  --      0.4903                 0.2820                 0.2834
 IR Inten    --   1648.8520                 8.0747                 3.6613
  Atom  AN      X      Y      Z        X      Y      Z        X      Y      Z
     1   6     0.04  -0.07   0.00     0.00  -0.00  -0.17     0.00  -0.00   0.06
     2   6    -0.16  -0.07  -0.00    -0.00  -0.00   0.04    -0.00  -0.00  -0.08
     3   6    -0.15   0.01  -0.00    -0.00   0.00   0.10    -0.00  -0.00   0.04
     4   6    -0.03   0.03   0.00    -0.00   0.00  -0.18    -0.00   0.00   0.03
     5   6     0.05   0.04  -0.00     0.00   0.00   0.05     0.00   0.00   0.05
     6   6     0.12  -0.08   0.00     0.00  -0.00  -0.07     0.00   0.00  -0.14
     7   6     0.08  -0.13  -0.00     0.00  -0.00   0.08     0.00  -0.00   0.21
     8   6    -0.07   0.04   0.00    -0.00   0.00  -0.02     0.00  -0.00  -0.13
     9   6    -0.02  -0.16  -0.00    -0.00  -0.00   0.04    -0.00   0.00   0.02
    10   6     0.09   0.24  -0.00     0.00   0.00   0.01     0.00   0.00  -0.05
    11   6     0.15  -0.10  -0.00     0.00  -0.00   0.20     0.00  -0.00  -0.02
    12   6     0.15  -0.00  -0.00     0.00   0.00   0.13     0.00   0.00  -0.11
    13   6    -0.16   0.12   0.00    -0.00   0.00  -0.06    -0.00  -0.00   0.03
    14   6    -0.07   0.17   0.00    -0.00   0.00  -0.05     0.00   0.00   0.13
    15   1     0.12   0.09   0.00     0.00   0.00  -0.51     0.00   0.00   0.19
    16   1    -0.18  -0.02  -0.00    -0.00  -0.00   0.04    -0.00  -0.00  -0.14
    17   1    -0.08   0.01  -0.00    -0.00   0.00   0.15    -0.00  -0.00   0.14
    18   1    -0.11  -0.13   0.00    -0.00  -0.00  -0.53    -0.00  -0.00   0.16
    19   1     0.17   0.39   0.00     0.00   0.00  -0.17     0.00   0.00  -0.14
    20   1    -0.04  -0.13  -0.00    -0.00  -0.00   0.27     0.00   0.00   0.10
    21   1     0.09  -0.03   0.00     0.00  -0.00  -0.24     0.00   0.00  -0.58
    22   1     0.13  -0.12  -0.00     0.00  -0.00   0.11    -0.00  -0.00   0.21
    23   1     0.02   0.22   0.00     0.00   0.00  -0.11     0.00  -0.00  -0.60
    24   1    -0.16  -0.34  -0.02    -0.09   0.17  -0.09    -0.03  -0.03   0.01
    25   1    -0.16  -0.34   0.02     0.09  -0.17  -0.09     0.03   0.03   0.01
                     13                     14                     15
                     A"                     A"                     A'
 Frequencies --    507.7125               550.8212               567.0855
 Red. masses --      2.5517                 2.4092                 6.8711
 Frc consts  --      0.3875                 0.4307                 1.3019
 IR Inten    --      4.0007                 0.3617               272.6971
  Atom  AN      X      Y      Z        X      Y      Z        X      Y      Z
     1   6     0.00  -0.00  -0.09     0.00  -0.00   0.06    -0.17   0.08  -0.00
     2   6    -0.00  -0.00   0.17    -0.00   0.00  -0.08    -0.02   0.16   0.00
     3   6    -0.00   0.00  -0.17    -0.00   0.00   0.08     0.07   0.23  -0.00
     4   6    -0.00   0.00   0.09    -0.00   0.00  -0.05     0.16  -0.02   0.00
     5   6     0.00   0.00   0.02    -0.00   0.00   0.00    -0.17   0.15  -0.00
     6   6     0.00   0.00  -0.03     0.00   0.00   0.00     0.16   0.21   0.00
     7   6     0.00  -0.00   0.04     0.00   0.00  -0.04     0.15   0.06   0.00
     8   6     0.00  -0.00  -0.03     0.00  -0.00   0.04     0.20  -0.16  -0.00
     9   6    -0.00   0.00  -0.05    -0.00   0.00  -0.14    -0.17  -0.20   0.00
    10   6     0.00   0.00  -0.11     0.00  -0.00  -0.05     0.02  -0.05   0.00
    11   6     0.00  -0.00  -0.09     0.00  -0.00   0.07    -0.07  -0.15  -0.00
    12   6     0.00   0.00   0.19     0.00   0.00   0.03     0.06  -0.05  -0.00
    13   6    -0.00  -0.00   0.03    -0.00  -0.00  -0.15    -0.12  -0.22   0.00
    14   6    -0.00   0.00   0.09    -0.00   0.00   0.23    -0.11  -0.03  -0.00
    15   1     0.00   0.00  -0.23     0.00   0.00   0.02    -0.12   0.16   0.00
    16   1    -0.00  -0.00   0.37    -0.00   0.00  -0.26     0.09  -0.02   0.00
    17   1    -0.00   0.00  -0.45    -0.00   0.00   0.12    -0.06   0.23   0.00
    18   1    -0.00  -0.00   0.08    -0.00  -0.00  -0.21     0.12  -0.10   0.00
    19   1     0.00   0.00  -0.55     0.00   0.00  -0.36     0.03  -0.02   0.00
    20   1    -0.00  -0.00  -0.07    -0.00   0.00  -0.36    -0.21   0.07   0.00
    21   1     0.00   0.00  -0.15     0.00   0.00   0.08     0.24   0.07   0.00
    22   1    -0.00  -0.00   0.00    -0.00   0.00   0.08    -0.13   0.05  -0.00
    23   1     0.00   0.00  -0.17     0.00  -0.00   0.34     0.24  -0.08  -0.00
    24   1     0.15  -0.13   0.12     0.39  -0.01   0.16    -0.16  -0.21   0.01
    25   1    -0.15   0.13   0.12    -0.39   0.01   0.16    -0.16  -0.21  -0.01
                     16                     17                     18
                     A'                     A'                     A"
 Frequencies --    611.1214               667.4611               695.5951
 Red. masses --      6.4466                 5.9478                 2.5665
 Frc consts  --      1.4185                 1.5612                 0.7316
 IR Inten    --      2.9546                 0.4459                10.1982
  Atom  AN      X      Y      Z        X      Y      Z        X      Y      Z
     1   6    -0.24   0.09   0.00    -0.10  -0.12   0.00     0.00   0.00   0.10
     2   6     0.03   0.13  -0.00    -0.17  -0.13  -0.00     0.00   0.00  -0.09
     3   6     0.09   0.13   0.00     0.01   0.22   0.00    -0.00  -0.00   0.11
     4   6     0.21  -0.11  -0.00     0.00   0.20  -0.00    -0.00   0.00  -0.07
     5   6     0.13  -0.07   0.00    -0.15  -0.11   0.00    -0.00   0.00   0.00
     6   6    -0.04  -0.08  -0.00    -0.18  -0.12   0.00     0.00   0.00   0.03
     7   6    -0.04  -0.03   0.00     0.02   0.22   0.00     0.00  -0.00   0.02
     8   6    -0.13   0.12  -0.00     0.05   0.16   0.00     0.00  -0.00   0.03
     9   6     0.27  -0.17  -0.00     0.13  -0.08  -0.00    -0.00  -0.00  -0.09
    10   6    -0.25   0.10  -0.00     0.19  -0.10  -0.00    -0.00   0.00   0.02
    11   6    -0.07  -0.16   0.00    -0.00  -0.11   0.00     0.00   0.00  -0.16
    12   6    -0.09  -0.13   0.00     0.10   0.09   0.00    -0.00   0.00   0.20
    13   6     0.09   0.11  -0.00     0.09   0.05   0.00    -0.00  -0.00   0.12
    14   6     0.02   0.09   0.00    -0.02  -0.14   0.00    -0.00   0.00  -0.12
    15   1    -0.24   0.11  -0.00    -0.05  -0.01  -0.00     0.00  -0.00   0.25
    16   1     0.16  -0.08  -0.00    -0.07  -0.31  -0.00    -0.00   0.00  -0.28
    17   1    -0.12   0.12  -0.00     0.25   0.23  -0.00    -0.00  -0.00   0.04
    18   1     0.22  -0.11  -0.00    -0.05   0.10  -0.00    -0.00   0.00  -0.53
    19   1    -0.26   0.10  -0.00     0.18  -0.11   0.00    -0.00   0.00  -0.11
    20   1     0.14  -0.07  -0.00    -0.10   0.00  -0.00    -0.00  -0.00   0.05
    21   1    -0.10   0.02  -0.00    -0.05  -0.34  -0.00     0.00   0.00  -0.18
    22   1     0.12  -0.02   0.00     0.23   0.23  -0.00    -0.00  -0.00  -0.31
    23   1    -0.14   0.10   0.00    -0.01   0.05  -0.00     0.00  -0.00  -0.33
    24   1     0.24  -0.16  -0.03     0.12  -0.08  -0.01     0.07  -0.29   0.08
    25   1     0.24  -0.16   0.03     0.12  -0.08   0.01    -0.07   0.29   0.08
                     19                     20                     21
                     A"                     A'                     A"
 Frequencies --    730.2784               749.1784               763.7818
 Red. masses --      1.2631                 5.4383                 1.2958
 Frc consts  --      0.3969                 1.7984                 0.4454
 IR Inten    --      9.8972                65.9000                 3.9993
  Atom  AN      X      Y      Z        X      Y      Z        X      Y      Z
     1   6     0.00   0.00  -0.01     0.17  -0.01  -0.00    -0.00  -0.00   0.03
     2   6     0.00   0.00   0.04     0.04  -0.01  -0.00    -0.00  -0.00   0.03
     3   6    -0.00  -0.00   0.00    -0.01  -0.05  -0.00    -0.00   0.00   0.04
     4   6    -0.00   0.00   0.04    -0.13   0.15  -0.00     0.00  -0.00   0.03
     5   6    -0.00   0.00   0.03    -0.24   0.06  -0.00     0.00  -0.00  -0.00
     6   6     0.00   0.00   0.04     0.00   0.01  -0.00    -0.00  -0.00  -0.09
     7   6     0.00  -0.00   0.02     0.03  -0.00  -0.00    -0.00   0.00  -0.02
     8   6     0.00  -0.00   0.02     0.12  -0.16  -0.00    -0.00   0.00  -0.07
     9   6     0.00  -0.00  -0.03     0.31  -0.13  -0.00    -0.00   0.00   0.02
    10   6    -0.00   0.00  -0.12    -0.23   0.11   0.00     0.00  -0.00  -0.05
    11   6     0.00   0.00   0.05     0.10   0.02  -0.00    -0.00   0.00  -0.05
    12   6    -0.00   0.00  -0.02    -0.12   0.06   0.00     0.00  -0.00   0.01
    13   6     0.00  -0.00  -0.00     0.06  -0.05   0.00     0.00  -0.00   0.05
    14   6    -0.00  -0.00   0.01    -0.14   0.00   0.00     0.00  -0.00   0.03
    15   1     0.00  -0.00  -0.21     0.20   0.02   0.00    -0.00  -0.00  -0.14
    16   1    -0.00   0.00  -0.18    -0.05   0.14   0.00    -0.00  -0.00  -0.34
    17   1     0.00  -0.00  -0.25     0.13  -0.04   0.00    -0.00   0.00  -0.34
    18   1    -0.00   0.00  -0.19    -0.06   0.28   0.00     0.00  -0.00  -0.31
    19   1    -0.00   0.00   0.73    -0.24   0.12  -0.00     0.00   0.00   0.20
    20   1    -0.00   0.00  -0.28    -0.29  -0.02   0.00     0.00   0.00   0.26
    21   1     0.00  -0.00  -0.28     0.09  -0.16   0.00    -0.00   0.00   0.39
    22   1    -0.00  -0.00  -0.28    -0.14  -0.01   0.00     0.00   0.00   0.55
    23   1     0.00  -0.00  -0.15     0.09  -0.22   0.00    -0.00   0.00   0.23
    24   1     0.09   0.01   0.04     0.26  -0.13  -0.03    -0.06  -0.06  -0.01
    25   1    -0.09  -0.01   0.04     0.26  -0.13   0.03     0.06   0.06  -0.01
                     22                     23                     24
                     A"                     A'                     A"
 Frequencies --    792.0542               816.5879               874.3293
 Red. masses --      1.4959                 3.3512                 1.7932
 Frc consts  --      0.5529                 1.3166                 0.8077
 IR Inten    --     81.8054                43.1855                15.4402
  Atom  AN      X      Y      Z        X      Y      Z        X      Y      Z
     1   6    -0.00   0.00  -0.04    -0.14  -0.02   0.00     0.00  -0.00  -0.03
     2   6    -0.00  -0.00  -0.08    -0.08  -0.07   0.00    -0.00  -0.00  -0.01
     3   6    -0.00  -0.00  -0.03    -0.01  -0.02   0.00    -0.00   0.00   0.05
     4   6     0.00  -0.00  -0.04     0.12  -0.11   0.00     0.00  -0.00   0.04
     5   6    -0.00   0.00   0.02    -0.15   0.04  -0.00     0.00  -0.00   0.03
     6   6     0.00  -0.00  -0.03    -0.01  -0.03   0.00    -0.00  -0.00   0.06
     7   6    -0.00  -0.00  -0.01    -0.01  -0.10   0.00    -0.00   0.00   0.00
     8   6    -0.00  -0.00  -0.04     0.05  -0.11   0.00     0.00  -0.00  -0.03
     9   6     0.00   0.00   0.01     0.11   0.21  -0.00    -0.00   0.00   0.16
    10   6     0.00  -0.00  -0.12     0.08   0.11   0.00    -0.00   0.00   0.01
    11   6    -0.00   0.00  -0.01    -0.05   0.06   0.00     0.00  -0.00  -0.12
    12   6     0.00  -0.00   0.12     0.10  -0.04  -0.00     0.00  -0.00   0.03
    13   6    -0.00   0.00   0.01     0.06   0.02   0.00     0.00  -0.00  -0.13
    14   6    -0.00   0.00   0.03    -0.08   0.05  -0.00     0.00   0.00   0.04
    15   1    -0.00  -0.00   0.44    -0.17  -0.07  -0.00     0.00   0.00   0.33
    16   1     0.00  -0.00   0.52    -0.02  -0.18  -0.00    -0.00  -0.00  -0.05
    17   1    -0.00  -0.00   0.42    -0.08  -0.03  -0.00     0.00   0.00  -0.29
    18   1     0.00  -0.00   0.04     0.06  -0.23  -0.00     0.00  -0.00  -0.36
    19   1     0.00   0.00   0.46     0.20   0.34  -0.00    -0.00   0.00  -0.16
    20   1    -0.00   0.00  -0.05    -0.20  -0.04   0.00     0.00  -0.00  -0.31
    21   1    -0.00   0.00   0.08     0.02  -0.08  -0.00    -0.00  -0.00  -0.33
    22   1    -0.00  -0.00   0.23    -0.11  -0.11  -0.00    -0.00   0.00  -0.12
    23   1     0.00   0.00   0.17     0.03  -0.16  -0.00     0.00  -0.00   0.31
    24   1    -0.04  -0.00  -0.01     0.19   0.40  -0.01    -0.29   0.17  -0.13
    25   1     0.04   0.00  -0.01     0.19   0.40   0.01     0.29  -0.17  -0.13
                     25                     26                     27
                     A'                     A"                     A'
 Frequencies --    892.6243               904.9039               907.7158
 Red. masses --      5.5727                 1.4576                 4.5738
 Frc consts  --      2.6161                 0.7032                 2.2204
 IR Inten    --     87.1183                 0.0893               175.1654
  Atom  AN      X      Y      Z        X      Y      Z        X      Y      Z
     1   6    -0.18   0.09  -0.00    -0.00   0.00  -0.08     0.16  -0.10  -0.00
     2   6     0.15   0.06  -0.00     0.00   0.00  -0.03    -0.15  -0.10  -0.00
     3   6     0.03  -0.16   0.00     0.00  -0.00   0.02     0.02   0.24   0.00
     4   6    -0.12   0.07   0.00    -0.00   0.00   0.09     0.07   0.01   0.00
     5   6    -0.15   0.12   0.00    -0.00   0.00  -0.09    -0.02   0.04  -0.00
     6   6     0.16   0.06   0.00     0.00  -0.00  -0.02     0.17   0.14  -0.00
     7   6     0.05  -0.17   0.00     0.00  -0.00   0.01    -0.01  -0.16  -0.00
     8   6    -0.20   0.12  -0.00    -0.00   0.00   0.09    -0.16   0.06   0.00
     9   6     0.18  -0.09  -0.00     0.00  -0.00  -0.01     0.05   0.11   0.00
    10   6     0.25  -0.17   0.00     0.00   0.00  -0.00    -0.12  -0.20  -0.00
    11   6    -0.07   0.03   0.00    -0.00   0.00   0.04     0.06   0.01   0.00
    12   6    -0.03   0.03  -0.00    -0.00   0.00  -0.04    -0.02  -0.07  -0.00
    13   6    -0.05   0.07   0.00    -0.00   0.00  -0.04    -0.01   0.04  -0.00
    14   6    -0.04  -0.04  -0.00    -0.00   0.00   0.06    -0.05  -0.05   0.00
    15   1    -0.29  -0.10   0.00    -0.00  -0.00   0.42     0.24   0.05   0.00
    16   1     0.17   0.03   0.00     0.00   0.00   0.24    -0.11  -0.16   0.00
    17   1     0.00  -0.17  -0.00    -0.00  -0.00  -0.22     0.20   0.25  -0.00
    18   1    -0.04   0.24  -0.00    -0.00   0.00  -0.42     0.01  -0.10  -0.00
    19   1     0.24  -0.21  -0.00     0.00   0.00   0.01    -0.20  -0.35   0.00
    20   1    -0.21   0.01  -0.00    -0.00   0.00   0.42    -0.08  -0.08   0.00
    21   1     0.16   0.07  -0.00     0.00  -0.00   0.30     0.09   0.30   0.00
    22   1     0.11  -0.17   0.00     0.00  -0.00  -0.19    -0.09  -0.17  -0.00
    23   1    -0.10   0.32   0.00    -0.00   0.00  -0.42    -0.10   0.19  -0.00
    24   1     0.11  -0.10  -0.04     0.06   0.07   0.00     0.11   0.20   0.00
    25   1     0.11  -0.10   0.04    -0.06  -0.07   0.00     0.11   0.20  -0.00
                     28                     29                     30
                     A"                     A"                     A"
 Frequencies --    926.1942               991.1363              1001.5294
 Red. masses --      2.1115                 1.4384                 1.4553
 Frc consts  --      1.0672                 0.8325                 0.8601
 IR Inten    --      0.1883                 0.1177                 2.7093
  Atom  AN      X      Y      Z        X      Y      Z        X      Y      Z
     1   6    -0.00   0.00   0.08    -0.00   0.00   0.05    -0.00   0.00  -0.11
     2   6     0.00   0.00   0.03    -0.00   0.00  -0.04     0.00   0.00   0.08
     3   6     0.00  -0.00  -0.01     0.00  -0.00  -0.03     0.00  -0.00   0.05
     4   6    -0.00   0.00  -0.10    -0.00  -0.00   0.05    -0.00   0.00  -0.08
     5   6    -0.00   0.00  -0.11    -0.00  -0.00  -0.11    -0.00  -0.00  -0.04
     6   6     0.00   0.00   0.00     0.00   0.00   0.06     0.00   0.00   0.01
     7   6     0.00  -0.00   0.01    -0.00  -0.00   0.06    -0.00  -0.00   0.05
     8   6    -0.00   0.00   0.09    -0.00   0.00  -0.10    -0.00   0.00  -0.06
     9   6     0.00  -0.00   0.10    -0.00   0.00  -0.02    -0.00   0.00  -0.04
    10   6     0.00  -0.00  -0.07    -0.00  -0.00  -0.01     0.00   0.00  -0.01
    11   6    -0.00  -0.00  -0.11    -0.00  -0.00   0.01    -0.00  -0.00   0.04
    12   6    -0.00   0.00   0.10     0.00   0.00  -0.02     0.00   0.00   0.02
    13   6     0.00   0.00  -0.12     0.00  -0.00   0.02     0.00  -0.00   0.04
    14   6    -0.00   0.00   0.11    -0.00   0.00   0.04    -0.00   0.00   0.01
    15   1    -0.00  -0.00  -0.34    -0.00   0.00  -0.30    -0.00   0.00   0.57
    16   1     0.00  -0.00  -0.29    -0.00  -0.00   0.23     0.00   0.00  -0.41
    17   1     0.00  -0.00   0.19     0.00  -0.00   0.16     0.00  -0.00  -0.26
    18   1    -0.00   0.00   0.45    -0.00   0.00  -0.25    -0.00  -0.00   0.42
    19   1     0.00  -0.00   0.19     0.00   0.00   0.01     0.00   0.00   0.04
    20   1    -0.00  -0.00   0.40    -0.00  -0.00   0.47    -0.00  -0.00   0.21
    21   1     0.00   0.00   0.20     0.00   0.00  -0.22     0.00   0.00  -0.05
    22   1     0.00  -0.00  -0.27    -0.00  -0.00  -0.38     0.00  -0.00  -0.26
    23   1    -0.00   0.00  -0.29    -0.00   0.00   0.53    -0.00  -0.00   0.31
    24   1    -0.15   0.10  -0.06    -0.03  -0.13   0.01     0.07  -0.02   0.02
    25   1     0.15  -0.10  -0.06     0.03   0.13   0.01    -0.07   0.02   0.02
                     31                     32                     33
                     A"                     A'                     A"
 Frequencies --   1016.4466              1019.4930              1032.9746
 Red. masses --      1.5137                 2.3762                 1.4094
 Frc consts  --      0.9214                 1.4552                 0.8860
 IR Inten    --      1.7178              3046.8242                 0.0098
  Atom  AN      X      Y      Z        X      Y      Z        X      Y      Z
     1   6     0.00   0.00   0.02    -0.01   0.02  -0.00    -0.00   0.00  -0.04
     2   6    -0.00  -0.00  -0.01    -0.07  -0.03   0.00    -0.00  -0.00   0.11
     3   6    -0.00  -0.00   0.00    -0.02  -0.04   0.00     0.00  -0.00  -0.13
     4   6     0.00   0.00   0.00     0.15   0.01  -0.00     0.00   0.00   0.07
     5   6    -0.00   0.00   0.08    -0.04   0.17  -0.00    -0.00   0.00   0.01
     6   6    -0.00  -0.00  -0.14    -0.08  -0.09   0.00    -0.00  -0.00  -0.01
     7   6     0.00  -0.00   0.13     0.05  -0.06  -0.00     0.00  -0.00   0.00
     8   6     0.00  -0.00  -0.04     0.04  -0.02   0.00     0.00   0.00   0.00
     9   6     0.00   0.00   0.01    -0.01   0.03  -0.00    -0.00   0.00   0.01
    10   6    -0.00  -0.00   0.01    -0.02  -0.04  -0.00    -0.00  -0.00   0.01
    11   6     0.00   0.00  -0.01     0.06   0.09   0.00     0.00   0.00  -0.00
    12   6    -0.00  -0.00  -0.00    -0.09  -0.04   0.00    -0.00  -0.00  -0.01
    13   6    -0.00   0.00  -0.00     0.01   0.09  -0.00     0.00   0.00  -0.01
    14   6     0.00  -0.00  -0.02     0.05  -0.07   0.00     0.00  -0.00  -0.00
    15   1     0.00   0.00  -0.08     0.02   0.09   0.00     0.00   0.00   0.21
    16   1    -0.00  -0.00   0.07    -0.08  -0.02  -0.00    -0.00  -0.00  -0.55
    17   1    -0.00  -0.00   0.00    -0.11  -0.05  -0.00    -0.00  -0.00   0.70
    18   1     0.00   0.00  -0.03     0.27   0.22   0.00     0.00   0.00  -0.35
    19   1    -0.00  -0.00  -0.03    -0.09  -0.19  -0.00    -0.00  -0.00  -0.03
    20   1     0.00   0.00  -0.33     0.14   0.54   0.00     0.00   0.00  -0.02
    21   1    -0.00  -0.00   0.65    -0.05  -0.17  -0.00    -0.00  -0.00   0.04
    22   1     0.00  -0.00  -0.62     0.19  -0.07   0.00     0.00  -0.00  -0.02
    23   1     0.00   0.00   0.14     0.09   0.07  -0.00     0.00   0.00  -0.02
    24   1    -0.01   0.04  -0.01    -0.24  -0.30  -0.02    -0.02  -0.01  -0.01
    25   1     0.01  -0.04  -0.01    -0.24  -0.30   0.02     0.02   0.01  -0.01
                     34                     35                     36
                     A'                     A'                     A'
 Frequencies --   1065.3489              1098.5362              1106.7763
 Red. masses --      2.3585                 1.9151                 1.9604
 Frc consts  --      1.5772                 1.3617                 1.4148
 IR Inten    --    145.3543              1474.7313               186.0086
  Atom  AN      X      Y      Z        X      Y      Z        X      Y      Z
     1   6     0.06  -0.11   0.00     0.03   0.05   0.00    -0.05   0.06  -0.00
     2   6     0.14   0.06   0.00    -0.10   0.01  -0.00    -0.01  -0.02  -0.00
     3   6    -0.05   0.14  -0.00     0.07  -0.09   0.00     0.06  -0.01   0.00
     4   6    -0.10  -0.03   0.00     0.02  -0.01   0.00    -0.08   0.02   0.00
     5   6    -0.04   0.11  -0.00    -0.03   0.05   0.00     0.03  -0.02   0.00
     6   6    -0.09  -0.07   0.00    -0.05  -0.03  -0.00    -0.11   0.02  -0.00
     7   6     0.05  -0.09   0.00     0.06  -0.03  -0.00    -0.03  -0.12   0.00
     8   6     0.01   0.04  -0.00    -0.06   0.06  -0.00     0.16   0.01  -0.00
     9   6    -0.02  -0.01   0.00    -0.04  -0.04   0.00     0.01   0.01  -0.00
    10   6    -0.00   0.02   0.00    -0.02   0.02   0.00    -0.01  -0.05  -0.00
    11   6    -0.04  -0.04  -0.00    -0.04  -0.06   0.00     0.04  -0.05   0.00
    12   6     0.00  -0.02  -0.00     0.03   0.06  -0.00     0.03  -0.02  -0.00
    13   6     0.03  -0.04   0.00     0.02  -0.14   0.00    -0.04   0.05  -0.00
    14   6     0.03   0.04   0.00     0.03   0.05  -0.00    -0.03   0.05   0.00
    15   1    -0.09  -0.42  -0.00     0.18   0.33  -0.00     0.05   0.26   0.00
    16   1     0.21  -0.02  -0.00    -0.26   0.25   0.00     0.07  -0.16   0.00
    17   1    -0.24   0.15   0.00     0.29  -0.08  -0.00     0.36  -0.00  -0.00
    18   1    -0.28  -0.35  -0.00     0.08   0.08  -0.00    -0.11  -0.03   0.00
    19   1    -0.00   0.02  -0.00    -0.07  -0.06   0.00    -0.02  -0.06   0.00
    20   1     0.08   0.36   0.00     0.01   0.14  -0.00     0.06   0.04  -0.00
    21   1    -0.12  -0.04  -0.00    -0.06  -0.01   0.00    -0.33   0.40   0.00
    22   1     0.36  -0.09   0.00     0.50  -0.02  -0.00    -0.21  -0.14  -0.00
    23   1     0.09   0.18   0.00    -0.04   0.12   0.00     0.39   0.42   0.00
    24   1     0.06   0.13  -0.00     0.20   0.29   0.03     0.01  -0.01   0.00
    25   1     0.06   0.13   0.00     0.20   0.29  -0.03     0.01  -0.01  -0.00
                     37                     38                     39
                     A'                     A"                     A'
 Frequencies --   1149.0969              1160.0870              1182.2297
 Red. masses --      1.6010                 1.1355                 1.2210
 Frc consts  --      1.2455                 0.9003                 1.0055
 IR Inten    --     46.8191                 0.0141                14.9776
  Atom  AN      X      Y      Z        X      Y      Z        X      Y      Z
     1   6     0.05  -0.09   0.00    -0.00   0.00   0.02    -0.03  -0.02   0.00
     2   6    -0.04   0.06   0.00     0.00  -0.00  -0.01    -0.03   0.03  -0.00
     3   6    -0.03  -0.02  -0.00     0.00  -0.00  -0.00     0.05   0.00  -0.00
     4   6     0.10  -0.01  -0.00    -0.00   0.00   0.00    -0.02  -0.03   0.00
     5   6     0.01  -0.04  -0.00    -0.00  -0.00  -0.01    -0.01  -0.01   0.00
     6   6    -0.03   0.02   0.00    -0.00   0.00   0.01    -0.02   0.02  -0.00
     7   6    -0.02  -0.03   0.00     0.00   0.00   0.01     0.03  -0.00   0.00
     8   6     0.06   0.02   0.00    -0.00  -0.00  -0.02    -0.01  -0.03  -0.00
     9   6     0.04  -0.05   0.00     0.00  -0.00   0.00     0.01   0.01  -0.00
    10   6     0.05  -0.02   0.00    -0.00   0.00   0.00    -0.01  -0.02   0.00
    11   6    -0.06   0.01  -0.00     0.00  -0.00  -0.07     0.01   0.06   0.00
    12   6    -0.03   0.07   0.00     0.00  -0.00   0.01     0.02   0.01  -0.00
    13   6    -0.02   0.01  -0.00    -0.00   0.00   0.08     0.03   0.03   0.00
    14   6    -0.02   0.02   0.00     0.00   0.00  -0.02    -0.01   0.02  -0.00
    15   1    -0.08  -0.36  -0.00     0.00   0.00  -0.04    -0.19  -0.31  -0.00
    16   1    -0.30   0.48  -0.00     0.00  -0.00  -0.00    -0.20   0.30   0.00
    17   1    -0.35  -0.03   0.00     0.00  -0.00   0.05     0.47   0.02   0.00
    18   1     0.22   0.19   0.00    -0.00  -0.00  -0.04    -0.16  -0.30  -0.00
    19   1     0.02  -0.09  -0.00    -0.00  -0.00  -0.00    -0.03  -0.06   0.00
    20   1    -0.06  -0.17   0.00     0.00   0.00   0.08    -0.07  -0.12  -0.00
    21   1    -0.16   0.23  -0.00     0.00  -0.00  -0.06    -0.12   0.20   0.00
    22   1    -0.17  -0.03   0.00     0.00   0.00   0.00     0.27   0.00  -0.00
    23   1     0.20   0.28  -0.00    -0.00  -0.00   0.05    -0.13  -0.27   0.00
    24   1     0.06   0.04  -0.02     0.33   0.61  -0.01    -0.12  -0.23   0.00
    25   1     0.06   0.04   0.02    -0.33  -0.61  -0.01    -0.12  -0.23  -0.00
                     40                     41                     42
                     A'                     A'                     A'
 Frequencies --   1192.6477              1205.5704              1225.7267
 Red. masses --      1.1521                 1.5368                 3.8537
 Frc consts  --      0.9655                 1.3160                 3.4112
 IR Inten    --     17.5161                 2.2405                34.4971
  Atom  AN      X      Y      Z        X      Y      Z        X      Y      Z
     1   6     0.01   0.01   0.00    -0.00  -0.01   0.00     0.02   0.06  -0.00
     2   6     0.01  -0.03   0.00    -0.00   0.02   0.00    -0.04  -0.09   0.00
     3   6    -0.04   0.00  -0.00     0.00   0.01  -0.00    -0.00   0.03  -0.00
     4   6     0.01   0.02  -0.00    -0.02   0.05  -0.00     0.05  -0.08  -0.00
     5   6     0.01  -0.02  -0.00     0.08   0.01  -0.00     0.12   0.00  -0.00
     6   6    -0.04   0.04   0.00     0.01  -0.00   0.00    -0.03  -0.04   0.00
     7   6     0.05   0.01   0.00     0.01   0.02   0.00     0.02   0.11   0.00
     8   6    -0.00  -0.03  -0.00    -0.01   0.00   0.00    -0.01  -0.04   0.00
     9   6     0.01  -0.00   0.00     0.02   0.01   0.00     0.15  -0.11   0.00
    10   6     0.01  -0.02   0.00    -0.00  -0.01   0.00     0.03  -0.04   0.00
    11   6    -0.00   0.02  -0.00     0.00   0.00  -0.00    -0.02   0.28  -0.00
    12   6    -0.00  -0.02   0.00    -0.02  -0.13   0.00    -0.03   0.05   0.00
    13   6    -0.01  -0.00   0.00    -0.04  -0.03  -0.00    -0.23  -0.15  -0.00
    14   6    -0.03   0.01   0.00    -0.09  -0.09   0.00    -0.09   0.06   0.00
    15   1     0.05   0.10  -0.00    -0.09  -0.18  -0.00    -0.08  -0.11  -0.00
    16   1     0.16  -0.26  -0.00    -0.13   0.23  -0.00     0.14  -0.39  -0.00
    17   1    -0.32  -0.01   0.00     0.28   0.03   0.00     0.07   0.03   0.00
    18   1     0.11   0.22   0.00     0.09   0.27   0.00    -0.15  -0.46   0.00
    19   1     0.05   0.06  -0.00     0.33   0.61  -0.00    -0.05  -0.20  -0.00
    20   1    -0.08  -0.21   0.00     0.25   0.32   0.00     0.20   0.14   0.00
    21   1    -0.29   0.48   0.00    -0.04   0.10  -0.00     0.02  -0.12  -0.00
    22   1     0.52   0.02  -0.00     0.06   0.03   0.00     0.05   0.12   0.00
    23   1    -0.11  -0.24   0.00     0.00   0.03  -0.00     0.16   0.32  -0.00
    24   1     0.00  -0.01  -0.00     0.03   0.11  -0.02     0.11   0.06  -0.09
    25   1     0.00  -0.01   0.00     0.03   0.11   0.02     0.11   0.06   0.09
                     43                     44                     45
                     A'                     A'                     A'
 Frequencies --   1253.5609              1287.0621              1313.7140
 Red. masses --      2.1869                 2.7878                 1.6292
 Frc consts  --      2.0248                 2.7208                 1.6566
 IR Inten    --    117.8003                45.0331                81.8382
  Atom  AN      X      Y      Z        X      Y      Z        X      Y      Z
     1   6    -0.02  -0.02  -0.00    -0.10  -0.02  -0.00    -0.04   0.00   0.00
     2   6     0.02   0.03   0.00     0.00   0.03   0.00    -0.05   0.03  -0.00
     3   6    -0.01   0.00  -0.00    -0.01  -0.07  -0.00     0.01   0.01   0.00
     4   6    -0.02   0.05  -0.00     0.00   0.05  -0.00    -0.05  -0.02   0.00
     5   6     0.06   0.03  -0.00     0.02  -0.04  -0.00     0.01   0.04   0.00
     6   6    -0.03  -0.05   0.00     0.03   0.04   0.00    -0.01  -0.02  -0.00
     7   6     0.03   0.05   0.00     0.02   0.01   0.00    -0.04   0.01  -0.00
     8   6     0.02  -0.10   0.00    -0.03   0.00   0.00    -0.01   0.03  -0.00
     9   6     0.03   0.04   0.00     0.02   0.06  -0.00    -0.04   0.04  -0.00
    10   6     0.03  -0.09   0.00    -0.12   0.06   0.00    -0.03  -0.00  -0.00
    11   6     0.04  -0.10  -0.00     0.15  -0.05  -0.00     0.12   0.04   0.00
    12   6     0.02  -0.08   0.00     0.19   0.12   0.00     0.02  -0.06  -0.00
    13   6    -0.13   0.08  -0.00    -0.06  -0.02  -0.00     0.04  -0.12   0.00
    14   6    -0.04   0.17   0.00    -0.06  -0.18   0.00     0.03   0.06  -0.00
    15   1    -0.05  -0.09  -0.00    -0.26  -0.31  -0.00    -0.26  -0.41   0.00
    16   1    -0.07   0.18  -0.00     0.03  -0.03  -0.00     0.10  -0.22   0.00
    17   1     0.07   0.01   0.00    -0.33  -0.09   0.00     0.06   0.02  -0.00
    18   1     0.10   0.29   0.00    -0.04  -0.05   0.00     0.21   0.47  -0.00
    19   1    -0.19  -0.53  -0.00    -0.36  -0.34  -0.00    -0.04  -0.03   0.00
    20   1     0.07   0.06   0.00     0.26   0.41   0.00    -0.20  -0.35  -0.00
    21   1     0.09  -0.26  -0.00    -0.06   0.21  -0.00     0.06  -0.14   0.00
    22   1     0.03   0.05   0.00     0.06   0.02   0.00     0.07   0.02  -0.00
    23   1    -0.13  -0.38  -0.00    -0.00   0.07  -0.00     0.12   0.29   0.00
    24   1     0.07   0.28  -0.06     0.01   0.10  -0.02     0.09  -0.13   0.14
    25   1     0.07   0.28   0.06     0.01   0.10   0.02     0.09  -0.13  -0.14
                     46                     47                     48
                     A'                     A'                     A'
 Frequencies --   1332.1769              1345.8633              1375.6103
 Red. masses --      2.1585                 6.6164                 1.6864
 Frc consts  --      2.2569                 7.0612                 1.8802
 IR Inten    --    681.4364                 0.4547                 2.7187
  Atom  AN      X      Y      Z        X      Y      Z        X      Y      Z
     1   6     0.01   0.06  -0.00     0.08   0.24  -0.00     0.01   0.02   0.00
     2   6     0.04  -0.04   0.00     0.10  -0.20  -0.00    -0.00  -0.02  -0.00
     3   6    -0.07   0.01  -0.00    -0.22  -0.04   0.00    -0.02   0.01   0.00
     4   6     0.03   0.05  -0.00     0.11   0.22   0.00     0.01  -0.00   0.00
     5   6    -0.05  -0.03  -0.00     0.02   0.04   0.00    -0.05  -0.10   0.00
     6   6    -0.04   0.06   0.00     0.01  -0.04  -0.00    -0.05   0.08  -0.00
     7   6     0.04   0.04   0.00    -0.03  -0.03  -0.00     0.09  -0.01  -0.00
     8   6    -0.06  -0.08   0.00     0.03   0.08  -0.00    -0.04  -0.07  -0.00
     9   6     0.04   0.01  -0.00    -0.09  -0.12   0.00    -0.05   0.01   0.00
    10   6    -0.00   0.09   0.00    -0.13  -0.08  -0.00     0.00   0.00  -0.00
    11   6    -0.00  -0.03  -0.00    -0.23   0.09   0.00    -0.01   0.01   0.00
    12   6    -0.02  -0.10   0.00     0.32  -0.15  -0.00    -0.01  -0.00  -0.00
    13   6    -0.08   0.02  -0.00     0.17  -0.00   0.00    -0.07   0.08   0.00
    14   6     0.18  -0.09   0.00    -0.08   0.07  -0.00     0.09   0.01  -0.00
    15   1    -0.09  -0.12  -0.00    -0.27  -0.41   0.00    -0.05  -0.10   0.00
    16   1    -0.06   0.13  -0.00    -0.15   0.18   0.00    -0.01  -0.01   0.00
    17   1     0.27   0.02   0.00     0.07  -0.03  -0.00     0.03   0.01  -0.00
    18   1    -0.03  -0.07   0.00    -0.04  -0.09  -0.00     0.02   0.02  -0.00
    19   1    -0.10  -0.08  -0.00    -0.20  -0.19   0.00     0.05   0.09   0.00
    20   1    -0.23  -0.35   0.00    -0.03  -0.04  -0.00     0.12   0.23  -0.00
    21   1    -0.00  -0.00  -0.00    -0.00  -0.02   0.00     0.05  -0.08   0.00
    22   1     0.14   0.05   0.00    -0.20  -0.04  -0.00    -0.04  -0.01  -0.00
    23   1     0.20   0.42  -0.00    -0.05  -0.08   0.00     0.03   0.07   0.00
    24   1    -0.24   0.22  -0.26     0.10  -0.07   0.10     0.47  -0.17   0.40
    25   1    -0.24   0.22   0.26     0.10  -0.07  -0.10     0.47  -0.17  -0.40
                     49                     50                     51
                     A'                     A'                     A'
 Frequencies --   1379.5706              1401.8416              1448.5261
 Red. masses --      1.9833                 1.9017                 2.0706
 Frc consts  --      2.2239                 2.2018                 2.5597
 IR Inten    --    303.8519               451.3135               671.0497
  Atom  AN      X      Y      Z        X      Y      Z        X      Y      Z
     1   6    -0.02  -0.01   0.00     0.01   0.03   0.00     0.06   0.01   0.00
     2   6     0.07  -0.04  -0.00    -0.01   0.02  -0.00     0.00   0.01   0.00
     3   6    -0.03  -0.00   0.00    -0.05   0.00   0.00    -0.06   0.03  -0.00
     4   6     0.04   0.07   0.00     0.03  -0.04   0.00    -0.02  -0.07  -0.00
     5   6     0.05   0.08   0.00    -0.03   0.04   0.00    -0.05  -0.06  -0.00
     6   6     0.04  -0.06  -0.00     0.05  -0.09  -0.00     0.01  -0.04   0.00
     7   6    -0.08   0.04  -0.00    -0.01   0.00  -0.00     0.10   0.01   0.00
     8   6     0.02   0.01  -0.00     0.05   0.07  -0.00    -0.04   0.06   0.00
     9   6     0.02   0.14   0.00    -0.08  -0.11   0.00     0.09   0.12  -0.00
    10   6     0.05   0.06  -0.00     0.06   0.09  -0.00     0.04   0.08   0.00
    11   6    -0.01  -0.07   0.00     0.07   0.02   0.00    -0.11  -0.05  -0.00
    12   6    -0.06  -0.04  -0.00    -0.10  -0.02  -0.00     0.03  -0.02   0.00
    13   6    -0.06  -0.07   0.00    -0.01   0.04   0.00    -0.02  -0.12  -0.00
    14   6    -0.05  -0.06  -0.00     0.01  -0.08  -0.00     0.01   0.04   0.00
    15   1     0.11   0.24   0.00    -0.11  -0.21   0.00     0.05  -0.02  -0.00
    16   1    -0.14   0.30   0.00     0.11  -0.18   0.00     0.08  -0.10  -0.00
    17   1    -0.02  -0.00  -0.00     0.34   0.01  -0.00     0.26   0.04   0.00
    18   1    -0.16  -0.31  -0.00     0.04  -0.03  -0.00     0.19   0.32   0.00
    19   1    -0.10  -0.23   0.00    -0.12  -0.24   0.00    -0.13  -0.25  -0.00
    20   1    -0.11  -0.23  -0.00    -0.07  -0.02  -0.00     0.13   0.29   0.00
    21   1    -0.06   0.11   0.00    -0.22   0.38   0.00    -0.16   0.26  -0.00
    22   1     0.19   0.05  -0.00    -0.25  -0.00  -0.00    -0.39  -0.00   0.00
    23   1     0.08   0.12   0.00    -0.15  -0.30   0.00    -0.13  -0.09  -0.00
    24   1     0.23  -0.27   0.29     0.23   0.27   0.07    -0.18  -0.27  -0.03
    25   1     0.23  -0.27  -0.29     0.23   0.27  -0.07    -0.18  -0.27   0.03
                     52                     53                     54
                     A'                     A'                     A'
 Frequencies --   1465.5400              1510.7979              1522.4759
 Red. masses --      2.0383                 2.8718                 2.6518
 Frc consts  --      2.5794                 3.8621                 3.6216
 IR Inten    --    217.5715               451.9830                71.7844
  Atom  AN      X      Y      Z        X      Y      Z        X      Y      Z
     1   6     0.07   0.03  -0.00     0.04   0.19   0.00    -0.08  -0.02  -0.00
     2   6    -0.01   0.04   0.00    -0.04  -0.14   0.00     0.06  -0.14   0.00
     3   6    -0.09  -0.00  -0.00     0.09   0.02  -0.00     0.10   0.11  -0.00
     4   6     0.02  -0.06  -0.00     0.00   0.03  -0.00    -0.11  -0.07  -0.00
     5   6     0.01  -0.06  -0.00    -0.06  -0.05  -0.00    -0.05  -0.09  -0.00
     6   6     0.04   0.10  -0.00     0.03   0.02   0.00     0.05   0.03   0.00
     7   6    -0.18  -0.05  -0.00    -0.07  -0.06   0.00    -0.06  -0.01   0.00
     8   6     0.07  -0.02   0.00     0.09   0.12   0.00     0.01   0.00   0.00
     9   6     0.01   0.00   0.00     0.03   0.05  -0.00    -0.03  -0.07   0.00
    10   6     0.05   0.05  -0.00     0.01  -0.02   0.00     0.06   0.13  -0.00
    11   6    -0.07  -0.05   0.00     0.07  -0.11  -0.00     0.03   0.14  -0.00
    12   6    -0.01   0.05  -0.00    -0.11   0.02   0.00     0.02  -0.12   0.00
    13   6     0.01   0.05  -0.00    -0.10  -0.08  -0.00     0.05   0.00  -0.00
    14   6    -0.06  -0.03   0.00     0.10   0.07   0.00    -0.02   0.01   0.00
    15   1    -0.01  -0.14  -0.00    -0.31  -0.45  -0.00     0.06   0.28  -0.00
    16   1     0.16  -0.23  -0.00    -0.21   0.08  -0.00    -0.30   0.43  -0.00
    17   1     0.37   0.01   0.00    -0.39   0.00   0.00    -0.27   0.11   0.00
    18   1     0.14   0.15   0.00    -0.11  -0.17   0.00     0.07   0.30   0.00
    19   1    -0.07  -0.18  -0.00     0.12   0.18  -0.00    -0.20  -0.38  -0.00
    20   1     0.14   0.17   0.00     0.06   0.18   0.00     0.13   0.26   0.00
    21   1     0.25  -0.25  -0.00     0.06  -0.03  -0.00     0.04   0.07   0.00
    22   1     0.63  -0.03   0.00     0.11  -0.07   0.00     0.18   0.00   0.00
    23   1     0.11   0.02  -0.00    -0.15  -0.36  -0.00     0.05   0.06  -0.00
    24   1    -0.01  -0.05  -0.00    -0.09  -0.02  -0.06    -0.00   0.03  -0.02
    25   1    -0.01  -0.05   0.00    -0.09  -0.02   0.06    -0.00   0.03   0.02
                     55                     56                     57
                     A'                     A'                     A'
 Frequencies --   1547.8867              1576.3646              1623.8356
 Red. masses --      2.8294                 3.7836                 5.8868
 Frc consts  --      3.9941                 5.5394                 9.1456
 IR Inten    --      3.6061               111.4187                 1.1472
  Atom  AN      X      Y      Z        X      Y      Z        X      Y      Z
     1   6     0.03   0.04   0.00    -0.08  -0.01  -0.00     0.16   0.06   0.00
     2   6    -0.06   0.04   0.00     0.13  -0.08  -0.00    -0.18   0.09  -0.00
     3   6     0.03  -0.06  -0.00    -0.14   0.06   0.00     0.28  -0.01   0.00
     4   6     0.05   0.11  -0.00     0.02  -0.12   0.00    -0.15  -0.02   0.00
     5   6    -0.07  -0.10  -0.00    -0.10   0.01   0.00    -0.03   0.13   0.00
     6   6     0.09  -0.06   0.00     0.16  -0.16  -0.00     0.14  -0.19  -0.00
     7   6    -0.01   0.09   0.00    -0.12   0.10  -0.00    -0.13   0.09  -0.00
     8   6    -0.10  -0.13   0.00     0.00  -0.07  -0.00     0.02  -0.11  -0.00
     9   6    -0.05   0.01  -0.00     0.01   0.00  -0.00     0.04  -0.01   0.00
    10   6     0.07  -0.01   0.00    -0.10  -0.16  -0.00    -0.04   0.03  -0.00
    11   6     0.05  -0.05  -0.00     0.06  -0.02   0.00    -0.25  -0.02   0.00
    12   6    -0.11  -0.06   0.00     0.05   0.17  -0.00     0.17  -0.07  -0.00
    13   6     0.17  -0.01  -0.00    -0.05   0.02   0.00    -0.12   0.15   0.00
    14   6    -0.08   0.13   0.00     0.12   0.09  -0.00     0.12  -0.11  -0.00
    15   1    -0.08  -0.18  -0.00     0.00   0.15   0.00     0.01  -0.25   0.00
    16   1     0.07  -0.17  -0.00    -0.07   0.26   0.00     0.02  -0.26   0.00
    17   1    -0.10  -0.08   0.00     0.28   0.09  -0.00    -0.39  -0.04  -0.00
    18   1    -0.17  -0.30   0.00     0.20   0.21  -0.00    -0.07   0.15  -0.00
    19   1     0.00  -0.13  -0.00     0.16   0.35   0.00    -0.05   0.00   0.00
    20   1     0.18   0.40   0.00    -0.01   0.23  -0.00    -0.14  -0.06  -0.00
    21   1    -0.11   0.31   0.00    -0.16   0.42   0.00    -0.15   0.31  -0.00
    22   1     0.08   0.12   0.00     0.16   0.13  -0.00     0.14   0.11  -0.00
    23   1     0.21   0.47  -0.00     0.12   0.15  -0.00     0.14   0.10   0.00
    24   1    -0.09   0.03  -0.04     0.02   0.02   0.00     0.09  -0.08   0.07
    25   1    -0.09   0.03   0.04     0.02   0.02  -0.00     0.09  -0.08  -0.07
                     58                     59                     60
                     A'                     A'                     A"
 Frequencies --   1647.3471              2970.9093              2977.1723
 Red. masses --      6.1373                 1.0624                 1.0916
 Frc consts  --      9.8129                 5.5247                 5.7005
 IR Inten    --     20.1125               146.5029                 2.8195
  Atom  AN      X      Y      Z        X      Y      Z        X      Y      Z
     1   6     0.07   0.25  -0.00     0.00   0.00  -0.00     0.00   0.00   0.00
     2   6     0.04  -0.21  -0.00    -0.00  -0.00  -0.00    -0.00  -0.00  -0.00
     3   6     0.04   0.12   0.00     0.00   0.00   0.00     0.00   0.00  -0.00
     4   6    -0.09  -0.22   0.00    -0.00  -0.00   0.00    -0.00  -0.00  -0.00
     5   6     0.14   0.13   0.00    -0.00  -0.00   0.00    -0.00  -0.00  -0.00
     6   6    -0.08  -0.02  -0.00    -0.00   0.00   0.00    -0.00   0.00  -0.00
     7   6     0.15   0.04  -0.00    -0.00  -0.00  -0.00    -0.00   0.00  -0.00
     8   6    -0.12  -0.16  -0.00     0.00   0.00  -0.00     0.00   0.00   0.00
     9   6    -0.04   0.01   0.00     0.06  -0.03   0.00     0.00  -0.00  -0.09
    10   6     0.06   0.02   0.00    -0.00  -0.00  -0.00    -0.00  -0.00   0.00
    11   6     0.00  -0.18   0.00    -0.00  -0.00   0.00    -0.00  -0.00  -0.00
    12   6    -0.07   0.21  -0.00    -0.00   0.00  -0.00     0.00   0.00  -0.00
    13   6     0.14   0.11   0.00     0.00  -0.00   0.00     0.00  -0.00  -0.00
    14   6    -0.22  -0.11  -0.00    -0.00   0.00  -0.00    -0.00   0.00  -0.00
    15   1    -0.22  -0.30   0.00     0.00  -0.00   0.00     0.00  -0.00  -0.00
    16   1    -0.21   0.17   0.00     0.00   0.00   0.00    -0.00  -0.00  -0.00
    17   1    -0.07   0.13  -0.00    -0.00   0.00  -0.00    -0.00   0.00   0.00
    18   1     0.16   0.24  -0.00     0.00  -0.00  -0.00     0.00  -0.00   0.00
    19   1     0.02  -0.06   0.00    -0.00   0.00   0.00     0.00  -0.00  -0.00
    20   1    -0.05  -0.28  -0.00     0.00   0.00  -0.00    -0.00   0.00   0.00
    21   1    -0.05  -0.10   0.00     0.00   0.00   0.00     0.00   0.00   0.00
    22   1    -0.15   0.04  -0.00     0.00   0.00  -0.00     0.00   0.00  -0.00
    23   1     0.10   0.29   0.00     0.00   0.00   0.00     0.00   0.00  -0.00
    24   1    -0.02   0.01   0.01    -0.37   0.21   0.57    -0.40   0.22   0.54
    25   1    -0.02   0.01  -0.01    -0.37   0.21  -0.57     0.40  -0.22   0.54
                     61                     62                     63
                     A'                     A'                     A'
 Frequencies --   3202.7754              3205.8766              3213.0017
 Red. masses --      1.0907                 1.0910                 1.0902
 Frc consts  --      6.5917                 6.6063                 6.6308
 IR Inten    --      4.7867                 2.0324                 0.1563
  Atom  AN      X      Y      Z        X      Y      Z        X      Y      Z
     1   6    -0.08   0.04  -0.00    -0.00   0.00   0.00     0.01  -0.01  -0.00
     2   6     0.02   0.01   0.00     0.00   0.00   0.00     0.00   0.00   0.00
     3   6     0.00  -0.01   0.00    -0.00  -0.00  -0.00     0.00  -0.03   0.00
     4   6    -0.01   0.00  -0.00    -0.00   0.00   0.00    -0.07   0.04  -0.00
     5   6     0.00  -0.00  -0.00    -0.01   0.00  -0.00     0.00  -0.00  -0.00
     6   6    -0.00   0.00   0.00     0.01   0.00   0.00    -0.00  -0.00   0.00
     7   6    -0.00   0.00   0.00     0.00  -0.01   0.00     0.00   0.00   0.00
     8   6     0.00  -0.00  -0.00    -0.08   0.04   0.00    -0.00   0.00  -0.00
     9   6    -0.00  -0.00   0.00    -0.00   0.00   0.00    -0.00  -0.00   0.00
    10   6     0.00  -0.00  -0.00     0.00  -0.00   0.00     0.00  -0.00  -0.00
    11   6     0.00   0.00  -0.00     0.00   0.00   0.00    -0.00  -0.00  -0.00
    12   6     0.00  -0.00   0.00    -0.00  -0.00  -0.00    -0.00  -0.00   0.00
    13   6     0.00  -0.00  -0.00    -0.00  -0.00  -0.00     0.00  -0.00  -0.00
    14   6     0.00   0.00   0.00     0.00  -0.00   0.00    -0.00   0.00   0.00
    15   1     0.86  -0.45  -0.00     0.03  -0.02   0.00    -0.11   0.06  -0.00
    16   1    -0.18  -0.11   0.00    -0.01  -0.00  -0.00    -0.06  -0.04   0.00
    17   1    -0.00   0.07   0.00    -0.00   0.00  -0.00    -0.02   0.35   0.00
    18   1     0.08  -0.04   0.00     0.01  -0.00   0.00     0.81  -0.43   0.00
    19   1    -0.01   0.00  -0.00    -0.01   0.00  -0.00    -0.04   0.03   0.00
    20   1    -0.00   0.00   0.00     0.11  -0.05   0.00    -0.04   0.02   0.00
    21   1     0.00   0.00   0.00    -0.06  -0.04   0.00     0.01   0.01   0.00
    22   1     0.00  -0.00   0.00    -0.01   0.15  -0.00     0.00  -0.00   0.00
    23   1    -0.03   0.02  -0.00     0.86  -0.45  -0.00     0.00  -0.00  -0.00
    24   1    -0.00  -0.00  -0.00     0.00   0.00  -0.00     0.00   0.00  -0.00
    25   1    -0.00  -0.00   0.00     0.00   0.00   0.00     0.00   0.00   0.00
                     64                     65                     66
                     A'                     A'                     A'
 Frequencies --   3214.1708              3228.4186              3229.1064
 Red. masses --      1.0915                 1.0907                 1.0924
 Frc consts  --      6.6435                 6.6976                 6.7109
 IR Inten    --      0.2343                 0.0585                 0.4827
  Atom  AN      X      Y      Z        X      Y      Z        X      Y      Z
     1   6     0.00  -0.00   0.00     0.00  -0.00  -0.00     0.01  -0.01  -0.00
     2   6     0.00   0.00   0.00     0.00   0.00   0.00     0.04   0.03  -0.00
     3   6     0.00  -0.00   0.00     0.00  -0.01   0.00    -0.00  -0.06   0.00
     4   6    -0.00   0.00  -0.00    -0.00   0.00  -0.00     0.03  -0.01   0.00
     5   6    -0.07   0.04  -0.00    -0.00   0.00   0.00    -0.00   0.00   0.00
     6   6     0.02   0.01   0.00     0.01   0.00   0.00    -0.00  -0.00   0.00
     7   6    -0.00  -0.00   0.00    -0.00  -0.00   0.00     0.00   0.00  -0.00
     8   6     0.01  -0.01  -0.00     0.00   0.00  -0.00    -0.00  -0.00   0.00
     9   6    -0.00   0.00  -0.00     0.00  -0.00   0.00     0.00  -0.00  -0.00
    10   6     0.00  -0.00   0.00    -0.08   0.04  -0.00     0.01  -0.00  -0.00
    11   6     0.00  -0.00  -0.00     0.00  -0.00  -0.00    -0.00  -0.00   0.00
    12   6    -0.00  -0.00   0.00     0.00   0.00   0.00    -0.00   0.00  -0.00
    13   6     0.00   0.00   0.00     0.00  -0.00  -0.00    -0.00   0.00  -0.00
    14   6     0.00   0.00  -0.00    -0.00  -0.00   0.00    -0.00   0.00   0.00
    15   1    -0.00   0.00  -0.00    -0.01   0.00   0.00    -0.13   0.07  -0.00
    16   1    -0.00  -0.00  -0.00    -0.04  -0.03  -0.00    -0.50  -0.31   0.00
    17   1    -0.00   0.02  -0.00    -0.00   0.09   0.00    -0.03   0.71   0.00
    18   1     0.04  -0.02   0.00     0.01  -0.01  -0.00    -0.30   0.16  -0.00
    19   1    -0.05   0.02   0.00     0.87  -0.46  -0.00    -0.08   0.04   0.00
    20   1     0.83  -0.43   0.00     0.03  -0.01  -0.00     0.00  -0.00   0.00
    21   1    -0.27  -0.15   0.00    -0.06  -0.03  -0.00     0.02   0.01   0.00
    22   1     0.00   0.03  -0.00    -0.00   0.01  -0.00     0.00  -0.01   0.00
    23   1    -0.13   0.07   0.00    -0.00   0.00  -0.00     0.00  -0.00   0.00
    24   1    -0.00  -0.00  -0.00    -0.00   0.00   0.00    -0.00   0.00   0.00
    25   1    -0.00  -0.00   0.00    -0.00   0.00  -0.00    -0.00   0.00  -0.00
                     67                     68                     69
                     A'                     A'                     A'
 Frequencies --   3230.8943              3240.9005              3249.5531
 Red. masses --      1.0924                 1.0975                 1.0974
 Frc consts  --      6.7185                 6.7918                 6.8272
 IR Inten    --      1.4931                 8.5652                 0.7338
  Atom  AN      X      Y      Z        X      Y      Z        X      Y      Z
     1   6    -0.00   0.00  -0.00    -0.01   0.01  -0.00     0.00  -0.00  -0.00
     2   6    -0.00  -0.00   0.00    -0.06  -0.04   0.00     0.00   0.00   0.00
     3   6    -0.00   0.00  -0.00     0.00  -0.05   0.00     0.00   0.00  -0.00
     4   6    -0.00   0.00  -0.00     0.01  -0.00  -0.00    -0.00  -0.00  -0.00
     5   6    -0.02   0.01   0.00    -0.00  -0.00  -0.00    -0.00   0.00  -0.00
     6   6    -0.07  -0.04   0.00    -0.00  -0.00  -0.00    -0.03  -0.01  -0.00
     7   6     0.00   0.03  -0.00     0.00  -0.00   0.00     0.00  -0.08   0.00
     8   6    -0.01   0.00  -0.00     0.00   0.00   0.00     0.01  -0.00  -0.00
     9   6     0.00  -0.00   0.00    -0.00   0.00  -0.00    -0.00   0.00  -0.00
    10   6    -0.00   0.00   0.00     0.00  -0.00  -0.00    -0.00   0.00   0.00
    11   6     0.00   0.00  -0.00     0.00   0.00  -0.00    -0.00  -0.00  -0.00
    12   6     0.00  -0.00   0.00     0.00   0.00   0.00     0.00   0.00   0.00
    13   6     0.00  -0.00   0.00     0.00  -0.00  -0.00     0.00   0.00  -0.00
    14   6     0.00   0.00  -0.00     0.00   0.00   0.00     0.00   0.00   0.00
    15   1     0.00  -0.00  -0.00     0.12  -0.07  -0.00    -0.00   0.00  -0.00
    16   1     0.01   0.00   0.00     0.66   0.41  -0.00    -0.02  -0.01  -0.00
    17   1     0.00  -0.01  -0.00    -0.03   0.59   0.00     0.00  -0.01   0.00
    18   1     0.01  -0.00  -0.00    -0.13   0.07  -0.00     0.00  -0.00   0.00
    19   1     0.05  -0.03  -0.00    -0.01   0.01  -0.00     0.01  -0.00  -0.00
    20   1     0.28  -0.15  -0.00    -0.00   0.00   0.00     0.04  -0.02   0.00
    21   1     0.77   0.45  -0.00     0.01   0.00   0.00     0.27   0.15  -0.00
    22   1     0.01  -0.31   0.00    -0.00   0.02   0.00    -0.03   0.94   0.00
    23   1     0.07  -0.03  -0.00    -0.00   0.00  -0.00    -0.11   0.05  -0.00
    24   1     0.00   0.00   0.00     0.00  -0.00  -0.00     0.00  -0.00  -0.00
    25   1     0.00   0.00  -0.00     0.00  -0.00   0.00     0.00  -0.00   0.00
