                      1                      2                      3
                     B1                     A2                     B1
 Frequencies --     56.3060               104.2974               186.4594
 Red. masses --      3.4952                 3.8768                 2.0873
 Frc consts  --      0.0065                 0.0248                 0.0428
 IR Inten    --      0.0032                 0.0000                 6.7209
  Atom  AN      X      Y      Z        X      Y      Z        X      Y      Z
     1   6    -0.06  -0.00   0.00    -0.21  -0.00   0.00    -0.09  -0.00   0.00
     2   6    -0.18  -0.00   0.00    -0.13  -0.00   0.00     0.01  -0.00  -0.00
     3   6    -0.14   0.00  -0.00     0.12   0.00   0.00     0.12  -0.00  -0.00
     4   6     0.01   0.00   0.00     0.21   0.00   0.00     0.02   0.00  -0.00
     5   6     0.01  -0.00   0.00    -0.21  -0.00   0.00     0.02   0.00   0.00
     6   6    -0.14  -0.00   0.00    -0.12  -0.00   0.00     0.12  -0.00   0.00
     7   6    -0.18   0.00   0.00     0.13   0.00   0.00     0.01  -0.00   0.00
     8   6    -0.06   0.00  -0.00     0.21   0.00   0.00    -0.09  -0.00  -0.00
     9   6     0.23  -0.00  -0.00    -0.00  -0.00  -0.00     0.15  -0.00   0.00
    10   6     0.16   0.00  -0.00    -0.00   0.00  -0.00    -0.10   0.00  -0.00
    11   6     0.08  -0.00   0.00    -0.04   0.00  -0.00    -0.06  -0.00   0.00
    12   6     0.11   0.00  -0.00     0.10   0.00  -0.00    -0.07   0.00   0.00
    13   6     0.08  -0.00  -0.00     0.04  -0.00  -0.00    -0.06  -0.00  -0.00
    14   6     0.11  -0.00  -0.00    -0.10  -0.00  -0.00    -0.07   0.00  -0.00
    15   1    -0.09  -0.00  -0.00    -0.37  -0.00   0.00    -0.14   0.00  -0.00
    16   1    -0.31  -0.00  -0.00    -0.25  -0.00   0.00     0.03  -0.00  -0.00
    17   1    -0.24   0.00  -0.00     0.21   0.00   0.00     0.24   0.00  -0.00
    18   1     0.04  -0.00   0.00     0.35   0.00  -0.00     0.05  -0.00  -0.00
    19   1     0.18   0.00  -0.00    -0.00   0.00  -0.00    -0.12   0.00  -0.00
    20   1     0.04  -0.00   0.00    -0.35  -0.00  -0.00     0.05   0.00   0.00
    21   1    -0.24   0.00   0.00    -0.21  -0.00   0.00     0.24   0.00   0.00
    22   1    -0.31   0.00   0.00     0.25   0.00   0.00     0.03  -0.00   0.00
    23   1    -0.09   0.00  -0.00     0.37   0.00   0.00    -0.14   0.00  -0.00
    24   1     0.40  -0.00   0.22    -0.00  -0.04  -0.00     0.46  -0.00   0.39
    25   1     0.40   0.00  -0.22    -0.00   0.04   0.00     0.46   0.00  -0.39
                      4                      5                      6
                     A2                     A1                     B1
 Frequencies --    222.4613               234.0843               323.1391
 Red. masses --      4.6332                 4.3649                 2.7028
 Frc consts  --      0.1351                 0.1409                 0.1663
 IR Inten    --      0.0000                 0.2304                11.1407
  Atom  AN      X      Y      Z        X      Y      Z        X      Y      Z
     1   6     0.16   0.00  -0.00     0.00  -0.12   0.03    -0.02  -0.00  -0.00
     2   6    -0.12   0.00   0.00     0.00  -0.05   0.17     0.13  -0.00  -0.00
     3   6    -0.16   0.00   0.00    -0.00   0.06   0.17    -0.06   0.00  -0.00
     4   6     0.12   0.00   0.00    -0.00   0.13   0.02    -0.09   0.00  -0.00
     5   6    -0.12  -0.00   0.00     0.00  -0.13   0.02    -0.09   0.00   0.00
     6   6     0.16  -0.00   0.00     0.00  -0.06   0.17    -0.06   0.00  -0.00
     7   6     0.12  -0.00  -0.00    -0.00   0.05   0.17     0.13  -0.00  -0.00
     8   6    -0.16  -0.00  -0.00    -0.00   0.12   0.03    -0.02  -0.00  -0.00
     9   6     0.00  -0.00  -0.00    -0.00   0.00  -0.16    -0.02   0.00   0.00
    10   6    -0.00  -0.00   0.00     0.00  -0.00  -0.15     0.26   0.00  -0.00
    11   6     0.20   0.00  -0.00     0.00  -0.03  -0.13    -0.13  -0.00  -0.00
    12   6     0.21   0.00  -0.00    -0.00   0.02  -0.13    -0.01  -0.00  -0.00
    13   6    -0.20  -0.00  -0.00    -0.00   0.03  -0.13    -0.13  -0.00   0.00
    14   6    -0.21  -0.00   0.00     0.00  -0.02  -0.13    -0.01   0.00   0.00
    15   1     0.18   0.00  -0.00     0.00  -0.28   0.03     0.03  -0.00  -0.00
    16   1    -0.32   0.00   0.00     0.00  -0.09   0.26     0.34  -0.00  -0.00
    17   1    -0.39   0.00  -0.00    -0.00   0.11   0.25    -0.08   0.00  -0.00
    18   1     0.16   0.00  -0.00    -0.00   0.28   0.01    -0.13   0.00  -0.00
    19   1    -0.00  -0.00  -0.00     0.00  -0.00  -0.15     0.62  -0.00   0.00
    20   1    -0.16   0.00  -0.00     0.00  -0.28   0.01    -0.13   0.00   0.00
    21   1     0.39  -0.00  -0.00     0.00  -0.11   0.25    -0.08   0.00  -0.00
    22   1     0.32   0.00   0.00     0.00   0.09   0.26     0.34  -0.00  -0.00
    23   1    -0.18  -0.00  -0.00    -0.00   0.28   0.03     0.03  -0.00   0.00
    24   1     0.00   0.16   0.00     0.00   0.00  -0.15     0.18   0.00   0.25
    25   1     0.00  -0.16  -0.00    -0.00  -0.00  -0.15     0.18   0.00  -0.25
                      7                      8                      9
                     B2                     A1                     B1
 Frequencies --    382.3645               385.0887               416.0350
 Red. masses --      4.7617                 6.8014                 2.6615
 Frc consts  --      0.4102                 0.5943                 0.2714
 IR Inten    --      4.0192                 0.1674                 9.9216
  Atom  AN      X      Y      Z        X      Y      Z        X      Y      Z
     1   6     0.00   0.15   0.10     0.00   0.22  -0.04     0.15  -0.00  -0.00
     2   6    -0.00   0.08  -0.04    -0.00   0.26   0.00    -0.06  -0.00  -0.00
     3   6    -0.00  -0.08  -0.03     0.00   0.25  -0.00    -0.07   0.00  -0.00
     4   6     0.00  -0.15   0.12    -0.00   0.21   0.04     0.15   0.00  -0.00
     5   6     0.00  -0.15  -0.12    -0.00  -0.21   0.04     0.15   0.00   0.00
     6   6    -0.00  -0.08   0.03    -0.00  -0.25  -0.00    -0.07   0.00   0.00
     7   6    -0.00   0.08   0.04     0.00  -0.26   0.00    -0.06  -0.00   0.00
     8   6     0.00   0.15  -0.10    -0.00  -0.22  -0.04     0.15  -0.00   0.00
     9   6    -0.00  -0.02  -0.00     0.00   0.00  -0.06    -0.04  -0.00   0.00
    10   6     0.00   0.02   0.00     0.00  -0.00   0.08    -0.02   0.00  -0.00
    11   6    -0.00   0.07   0.20    -0.00   0.14  -0.00    -0.11  -0.00  -0.00
    12   6    -0.00  -0.06   0.20    -0.00   0.12   0.00    -0.10   0.00  -0.00
    13   6    -0.00   0.07  -0.20     0.00  -0.14  -0.00    -0.11  -0.00   0.00
    14   6    -0.00  -0.06  -0.20     0.00  -0.12   0.00    -0.10   0.00   0.00
    15   1     0.00   0.27   0.09     0.00   0.24  -0.04     0.39  -0.00  -0.00
    16   1    -0.00   0.14  -0.16    -0.00   0.25   0.03    -0.10  -0.00   0.00
    17   1    -0.00  -0.16  -0.15     0.00   0.23  -0.05    -0.09   0.00   0.00
    18   1     0.00  -0.27   0.12    -0.00   0.23   0.03     0.39   0.00  -0.00
    19   1     0.00   0.26   0.00     0.00  -0.00   0.07     0.20   0.00  -0.00
    20   1     0.00  -0.27  -0.12    -0.00  -0.23   0.03     0.39   0.00   0.00
    21   1    -0.00  -0.16   0.15    -0.00  -0.23  -0.05    -0.09   0.00  -0.00
    22   1    -0.00   0.14   0.16     0.00  -0.25   0.03    -0.10  -0.00  -0.00
    23   1     0.00   0.27  -0.09    -0.00  -0.24  -0.04     0.39  -0.00   0.00
    24   1     0.00  -0.18   0.00     0.01   0.00  -0.06     0.15  -0.00   0.24
    25   1     0.00  -0.18  -0.00    -0.01   0.00  -0.06     0.15  -0.00  -0.24
                     10                     11                     12
                     A2                     A2                     B1
 Frequencies --    447.3123               493.0279               522.6539
 Red. masses --      3.1434                 3.1158                 2.6144
 Frc consts  --      0.3706                 0.4462                 0.4208
 IR Inten    --      0.0000                 0.0000                 1.2870
  Atom  AN      X      Y      Z        X      Y      Z        X      Y      Z
     1   6    -0.15   0.00  -0.00     0.02  -0.00   0.00     0.05  -0.00  -0.00
     2   6     0.12   0.00  -0.00    -0.12  -0.00  -0.00    -0.11  -0.00  -0.00
     3   6    -0.02   0.00  -0.00     0.17  -0.00  -0.00     0.12   0.00  -0.00
     4   6    -0.10   0.00   0.00    -0.12   0.00  -0.00    -0.08   0.00  -0.00
     5   6     0.10  -0.00   0.00     0.12   0.00   0.00    -0.08   0.00   0.00
     6   6     0.02  -0.00   0.00    -0.17   0.00   0.00     0.12   0.00   0.00
     7   6    -0.12  -0.00   0.00     0.12  -0.00   0.00    -0.11  -0.00   0.00
     8   6     0.15  -0.00  -0.00    -0.02  -0.00   0.00     0.05  -0.00   0.00
     9   6    -0.00  -0.00   0.00     0.00  -0.00  -0.00     0.07  -0.00  -0.00
    10   6    -0.00   0.00  -0.00     0.00   0.00   0.00     0.15   0.00   0.00
    11   6     0.09  -0.00   0.00     0.19  -0.00   0.00     0.04  -0.00   0.00
    12   6     0.20   0.00  -0.00    -0.05   0.00   0.00    -0.15   0.00   0.00
    13   6    -0.09  -0.00  -0.00    -0.19  -0.00  -0.00     0.04  -0.00  -0.00
    14   6    -0.20   0.00  -0.00     0.05   0.00  -0.00    -0.15   0.00  -0.00
    15   1    -0.41   0.00  -0.00    -0.13   0.00   0.00     0.13   0.00  -0.00
    16   1     0.26  -0.00   0.00    -0.41  -0.00  -0.00    -0.25  -0.00  -0.00
    17   1    -0.14   0.00  -0.00     0.30   0.00  -0.00     0.31   0.00  -0.00
    18   1    -0.37   0.00   0.00    -0.30  -0.00  -0.00    -0.10  -0.00  -0.00
    19   1     0.00   0.00  -0.00     0.00   0.00   0.00     0.58   0.00   0.00
    20   1     0.37  -0.00   0.00     0.30   0.00  -0.00    -0.10  -0.00   0.00
    21   1     0.14  -0.00  -0.00    -0.30   0.00   0.00     0.31   0.00   0.00
    22   1    -0.26  -0.00   0.00     0.41  -0.00  -0.00    -0.25  -0.00   0.00
    23   1     0.41  -0.00  -0.00     0.13   0.00   0.00     0.13   0.00   0.00
    24   1    -0.00   0.11  -0.00    -0.00   0.19  -0.00    -0.13  -0.00  -0.23
    25   1    -0.00  -0.11   0.00    -0.00  -0.19   0.00    -0.13  -0.00   0.23
                     13                     14                     15
                     B2                     A1                     B2
 Frequencies --    530.3522               603.0038               616.6949
 Red. masses --      5.8141                 6.4361                 6.5414
 Frc consts  --      0.9635                 1.3788                 1.4658
 IR Inten    --     43.3498                 3.8745                22.2479
  Atom  AN      X      Y      Z        X      Y      Z        X      Y      Z
     1   6     0.00   0.08   0.03     0.00  -0.07  -0.21     0.00  -0.01   0.25
     2   6    -0.00   0.11   0.15    -0.00   0.06  -0.05    -0.00  -0.20   0.02
     3   6     0.00  -0.12   0.15     0.00   0.15   0.00     0.00  -0.18  -0.02
     4   6    -0.00  -0.09   0.04    -0.00   0.03   0.17    -0.00  -0.02  -0.24
     5   6    -0.00  -0.09  -0.04    -0.00  -0.03   0.17    -0.00  -0.02   0.24
     6   6     0.00  -0.12  -0.15    -0.00  -0.15   0.00     0.00  -0.18   0.02
     7   6    -0.00   0.11  -0.15     0.00  -0.06  -0.05    -0.00  -0.20  -0.02
     8   6     0.00   0.08  -0.03    -0.00   0.07  -0.21     0.00  -0.01  -0.25
     9   6     0.00   0.27   0.00    -0.00  -0.00   0.36    -0.00   0.14   0.00
    10   6     0.00  -0.25  -0.00     0.00  -0.00  -0.26     0.00   0.16  -0.00
    11   6     0.00   0.14  -0.12     0.00  -0.16   0.03    -0.00   0.13   0.03
    12   6    -0.00  -0.14  -0.10    -0.00  -0.11  -0.01     0.00   0.13  -0.02
    13   6    -0.00   0.14   0.12     0.00   0.16   0.03     0.00   0.13  -0.03
    14   6    -0.00  -0.14   0.10     0.00   0.11  -0.01     0.00   0.13   0.02
    15   1     0.00  -0.13   0.04     0.00  -0.04  -0.22     0.00  -0.00   0.25
    16   1    -0.00   0.15   0.07    -0.00  -0.04   0.14    -0.00  -0.09  -0.18
    17   1     0.00  -0.17   0.08     0.00   0.08  -0.10     0.00  -0.06   0.18
    18   1    -0.00   0.10   0.03    -0.00   0.02   0.17    -0.00  -0.04  -0.24
    19   1     0.00  -0.35  -0.00    -0.00   0.00  -0.26    -0.00   0.19  -0.00
    20   1     0.00   0.10  -0.03     0.00  -0.02   0.17    -0.00  -0.04   0.24
    21   1     0.00  -0.17  -0.08    -0.00  -0.08  -0.10     0.00  -0.06  -0.18
    22   1    -0.00   0.15  -0.07     0.00   0.04   0.14    -0.00  -0.09   0.18
    23   1     0.00  -0.13  -0.04    -0.00   0.04  -0.22     0.00  -0.00  -0.25
    24   1    -0.00   0.36  -0.00    -0.03  -0.00   0.32    -0.00   0.18   0.00
    25   1    -0.00   0.36   0.00     0.03  -0.00   0.32     0.00   0.18   0.00
                     16                     17                     18
                     A1                     B1                     A2
 Frequencies --    675.1370               678.9517               745.0242
 Red. masses --      6.0373                 2.2598                 2.5917
 Frc consts  --      1.6213                 0.6138                 0.8476
 IR Inten    --      0.0707                20.1965                 0.0000
  Atom  AN      X      Y      Z        X      Y      Z        X      Y      Z
     1   6    -0.00  -0.14   0.01    -0.10   0.00   0.00    -0.09  -0.00  -0.00
     2   6    -0.00  -0.22  -0.08     0.05   0.00   0.00     0.04  -0.00  -0.00
     3   6    -0.00   0.18  -0.11    -0.10  -0.00   0.00    -0.10   0.00  -0.00
     4   6     0.00   0.18  -0.13     0.07  -0.00  -0.00     0.04  -0.00   0.00
     5   6     0.00  -0.18  -0.13     0.07   0.00   0.00    -0.04   0.00   0.00
     6   6    -0.00  -0.18  -0.11    -0.10  -0.00   0.00     0.10  -0.00  -0.00
     7   6     0.00   0.22  -0.08     0.05  -0.00  -0.00    -0.04   0.00  -0.00
     8   6    -0.00   0.14   0.01    -0.10   0.00  -0.00     0.09   0.00  -0.00
     9   6     0.00   0.00   0.13     0.16   0.00  -0.00    -0.00  -0.00  -0.00
    10   6     0.00  -0.00   0.23    -0.01   0.00  -0.00    -0.00  -0.00   0.00
    11   6     0.00  -0.07   0.05     0.06   0.00  -0.00     0.18  -0.00  -0.00
    12   6    -0.00   0.14   0.04    -0.12  -0.00  -0.00    -0.15  -0.00   0.00
    13   6     0.00   0.07   0.05     0.06   0.00  -0.00    -0.18   0.00  -0.00
    14   6    -0.00  -0.14   0.04    -0.12   0.00   0.00     0.15   0.00   0.00
    15   1     0.00  -0.02   0.01     0.01  -0.00   0.00    -0.09  -0.00  -0.00
    16   1     0.00  -0.29   0.06     0.36   0.00  -0.00     0.33  -0.00   0.00
    17   1     0.00   0.32   0.13     0.03  -0.00   0.00     0.19   0.00  -0.00
    18   1    -0.00   0.07  -0.12     0.35  -0.00  -0.00     0.46  -0.00   0.00
    19   1     0.00  -0.00   0.23     0.17  -0.00  -0.00     0.00  -0.00   0.00
    20   1     0.00  -0.07  -0.12     0.35   0.00   0.00    -0.46   0.00   0.00
    21   1     0.00  -0.32   0.13     0.03   0.00  -0.00    -0.19  -0.00  -0.00
    22   1     0.00   0.29   0.06     0.36  -0.00   0.00    -0.33   0.00   0.00
    23   1     0.00   0.02   0.01     0.01   0.00  -0.00     0.09   0.00  -0.00
    24   1    -0.01  -0.00   0.11    -0.16  -0.00  -0.39     0.00   0.25  -0.00
    25   1     0.01   0.00   0.11    -0.16  -0.00   0.39     0.00  -0.25  -0.00
                     19                     20                     21
                     A1                     B1                     A2
 Frequencies --    756.6466               795.6101               804.6227
 Red. masses --      5.3241                 1.3079                 1.4549
 Frc consts  --      1.7959                 0.4878                 0.5550
 IR Inten    --      0.0054                88.8439                 0.0000
  Atom  AN      X      Y      Z        X      Y      Z        X      Y      Z
     1   6    -0.00   0.08   0.17    -0.01  -0.00  -0.00    -0.01  -0.00  -0.00
     2   6    -0.00   0.01   0.03    -0.06  -0.00  -0.00    -0.07  -0.00   0.00
     3   6    -0.00  -0.05   0.01    -0.02   0.00  -0.00    -0.01  -0.00   0.00
     4   6    -0.00   0.05  -0.20    -0.07  -0.00   0.00    -0.08  -0.00   0.00
     5   6    -0.00  -0.05  -0.20    -0.07   0.00  -0.00     0.08  -0.00  -0.00
     6   6     0.00   0.05   0.01    -0.02   0.00   0.00     0.01   0.00   0.00
     7   6    -0.00  -0.01   0.03    -0.06  -0.00   0.00     0.07  -0.00   0.00
     8   6     0.00  -0.08   0.17    -0.01  -0.00   0.00     0.01  -0.00   0.00
     9   6    -0.00   0.00   0.32    -0.02   0.00  -0.00     0.00   0.00  -0.00
    10   6     0.00   0.00  -0.26     0.02   0.00   0.00     0.00   0.00   0.00
    11   6     0.00   0.06   0.08    -0.01  -0.00  -0.00    -0.02  -0.00  -0.00
    12   6    -0.00   0.02  -0.13     0.07  -0.00   0.00     0.09   0.00   0.00
    13   6    -0.00  -0.06   0.08    -0.01   0.00  -0.00     0.02   0.00  -0.00
    14   6     0.00  -0.02  -0.13     0.07  -0.00  -0.00    -0.09  -0.00  -0.00
    15   1     0.00   0.13   0.18     0.29  -0.00  -0.00     0.35  -0.00  -0.00
    16   1     0.00   0.11  -0.14     0.29  -0.00   0.00     0.31  -0.00   0.00
    17   1     0.00   0.03   0.14     0.46  -0.00  -0.00     0.47  -0.00  -0.00
    18   1     0.00   0.19  -0.22     0.28  -0.00   0.00     0.20  -0.00   0.00
    19   1    -0.00   0.00  -0.27    -0.25   0.00   0.00     0.00   0.00   0.00
    20   1     0.00  -0.19  -0.22     0.28  -0.00  -0.00    -0.20  -0.00  -0.00
    21   1     0.00  -0.03   0.14     0.46   0.00   0.00    -0.47   0.00   0.00
    22   1     0.00  -0.11  -0.14     0.29  -0.00   0.00    -0.31  -0.00   0.00
    23   1     0.00  -0.13   0.18     0.29  -0.00   0.00    -0.35  -0.00   0.00
    24   1    -0.02   0.00   0.29     0.01   0.00   0.03    -0.00  -0.01  -0.00
    25   1     0.02  -0.00   0.29     0.01   0.00  -0.03    -0.00   0.01   0.00
                     22                     23                     24
                     B2                     B1                     A1
 Frequencies --    829.0319               872.6521               902.3959
 Red. masses --      3.2746                 1.6703                 5.5979
 Frc consts  --      1.3260                 0.7494                 2.6858
 IR Inten    --      3.7029                 1.4474                 0.1122
  Atom  AN      X      Y      Z        X      Y      Z        X      Y      Z
     1   6     0.00  -0.08  -0.10    -0.03   0.00   0.00    -0.00  -0.02  -0.21
     2   6     0.00  -0.10  -0.04    -0.04  -0.00  -0.00    -0.00   0.13   0.10
     3   6    -0.00  -0.01  -0.00     0.05  -0.00  -0.00     0.00  -0.14   0.11
     4   6     0.00  -0.04   0.14     0.04  -0.00   0.00     0.00  -0.02  -0.16
     5   6     0.00  -0.04  -0.14     0.04  -0.00  -0.00    -0.00   0.02  -0.16
     6   6    -0.00  -0.01   0.00     0.05  -0.00  -0.00    -0.00   0.14   0.11
     7   6     0.00  -0.10   0.04    -0.04   0.00  -0.00     0.00  -0.13   0.10
     8   6    -0.00  -0.08   0.10    -0.03   0.00   0.00     0.00   0.02  -0.21
     9   6     0.00   0.23  -0.00     0.13  -0.00   0.00     0.00   0.00   0.21
    10   6    -0.00   0.14   0.00    -0.03   0.00  -0.00     0.00  -0.00   0.30
    11   6     0.00   0.01  -0.06    -0.11  -0.00   0.00     0.00  -0.03  -0.09
    12   6    -0.00   0.03   0.10     0.06   0.00  -0.00    -0.00   0.06  -0.03
    13   6     0.00   0.01   0.06    -0.11  -0.00   0.00    -0.00   0.03  -0.09
    14   6    -0.00   0.03  -0.10     0.06   0.00  -0.00     0.00  -0.06  -0.03
    15   1    -0.00  -0.13  -0.10     0.45  -0.00   0.00     0.00  -0.25  -0.20
    16   1    -0.00  -0.16   0.06     0.10  -0.00   0.00     0.00   0.12   0.13
    17   1    -0.00  -0.04  -0.04    -0.19  -0.00   0.00    -0.00  -0.14   0.11
    18   1    -0.00  -0.18   0.16    -0.36  -0.00   0.00    -0.00   0.15  -0.17
    19   1     0.00   0.39   0.00    -0.03   0.00  -0.00     0.00  -0.00   0.31
    20   1    -0.00  -0.18  -0.16    -0.36  -0.00  -0.00     0.00  -0.15  -0.17
    21   1    -0.00  -0.04   0.04    -0.19  -0.00  -0.00     0.00   0.14   0.11
    22   1    -0.00  -0.16  -0.06     0.10  -0.00  -0.00    -0.00  -0.12   0.13
    23   1    -0.00  -0.13   0.10     0.45  -0.00   0.00    -0.00   0.25  -0.20
    24   1    -0.00   0.45  -0.00    -0.10   0.00  -0.28    -0.04   0.00   0.16
    25   1    -0.00   0.45   0.00    -0.10   0.00   0.28     0.04  -0.00   0.16
                     25                     26                     27
                     B2                     A2                     B1
 Frequencies --    917.8401               918.6032               956.1385
 Red. masses --      5.1851                 1.3234                 1.8717
 Frc consts  --      2.5736                 0.6580                 1.0082
 IR Inten    --      0.3340                 0.0000                10.1725
  Atom  AN      X      Y      Z        X      Y      Z        X      Y      Z
     1   6     0.00   0.01  -0.17    -0.08   0.00  -0.00     0.07   0.00   0.00
     2   6     0.00   0.16   0.08    -0.04   0.00   0.00     0.04  -0.00  -0.00
     3   6    -0.00  -0.21   0.11     0.03  -0.00   0.00    -0.00   0.00  -0.00
     4   6    -0.00  -0.07  -0.08     0.07  -0.00  -0.00    -0.06   0.00   0.00
     5   6     0.00  -0.07   0.08    -0.07  -0.00   0.00    -0.06   0.00  -0.00
     6   6     0.00  -0.21  -0.11    -0.03  -0.00  -0.00    -0.00   0.00   0.00
     7   6    -0.00   0.16  -0.08     0.04   0.00  -0.00     0.04  -0.00   0.00
     8   6    -0.00   0.01   0.17     0.08   0.00   0.00     0.07   0.00  -0.00
     9   6     0.00  -0.14   0.00    -0.00  -0.00  -0.00     0.14   0.00   0.00
    10   6     0.00   0.24   0.00    -0.00   0.00  -0.00     0.03  -0.00  -0.00
    11   6    -0.00  -0.05  -0.06     0.03  -0.00  -0.00    -0.13   0.00  -0.00
    12   6     0.00   0.13   0.01    -0.03   0.00   0.00     0.04  -0.00  -0.00
    13   6     0.00  -0.05   0.06    -0.03  -0.00   0.00    -0.13   0.00   0.00
    14   6    -0.00   0.13  -0.01     0.03   0.00  -0.00     0.04  -0.00  -0.00
    15   1    -0.00  -0.17  -0.16     0.49  -0.00  -0.00    -0.34   0.00   0.00
    16   1    -0.00   0.21  -0.01     0.22   0.00  -0.00    -0.31  -0.00   0.00
    17   1     0.00  -0.30  -0.02    -0.21  -0.00  -0.00     0.03   0.00   0.00
    18   1     0.00   0.01  -0.08    -0.38  -0.00  -0.00     0.33  -0.00   0.00
    19   1    -0.00   0.42   0.00     0.00   0.00  -0.00    -0.29  -0.00  -0.00
    20   1    -0.00   0.01   0.08     0.38   0.00   0.00     0.33  -0.00  -0.00
    21   1    -0.00  -0.30   0.02     0.21  -0.00   0.00     0.03   0.00  -0.00
    22   1     0.00   0.21   0.01    -0.22   0.00   0.00    -0.31  -0.00  -0.00
    23   1     0.00  -0.17   0.16    -0.49  -0.00   0.00    -0.34   0.00  -0.00
    24   1    -0.00  -0.17  -0.00     0.00   0.10  -0.00    -0.10   0.00  -0.29
    25   1    -0.00  -0.17   0.00    -0.00  -0.10  -0.00    -0.10   0.00   0.29
                     28                     29                     30
                     B1                     A2                     B1
 Frequencies --   1008.5345              1021.3489              1043.9050
 Red. masses --      1.4255                 1.3655                 1.5546
 Frc consts  --      0.8543                 0.8392                 0.9981
 IR Inten    --      0.2754                 0.0000                 9.2771
  Atom  AN      X      Y      Z        X      Y      Z        X      Y      Z
     1   6     0.06   0.00   0.00    -0.06  -0.00   0.00    -0.04  -0.00   0.00
     2   6    -0.03   0.00   0.00     0.04   0.00   0.00     0.04   0.00   0.00
     3   6    -0.06  -0.00  -0.00     0.06   0.00  -0.00     0.03   0.00  -0.00
     4   6     0.04  -0.00  -0.00    -0.08   0.00  -0.00    -0.07  -0.00  -0.00
     5   6     0.04  -0.00   0.00     0.08   0.00  -0.00    -0.07   0.00  -0.00
     6   6    -0.06  -0.00  -0.00    -0.06   0.00   0.00     0.03  -0.00  -0.00
     7   6    -0.03   0.00   0.00    -0.04  -0.00   0.00     0.04  -0.00   0.00
     8   6     0.06   0.00   0.00     0.06   0.00  -0.00    -0.04   0.00   0.00
     9   6     0.03  -0.00   0.00     0.00   0.00   0.00    -0.00   0.00   0.00
    10   6    -0.11   0.00  -0.00    -0.00  -0.00   0.00    -0.15   0.00  -0.00
    11   6    -0.03  -0.00   0.00     0.01  -0.00   0.00     0.01   0.00  -0.00
    12   6     0.04   0.00   0.00     0.02  -0.00  -0.00     0.07   0.00  -0.00
    13   6    -0.03  -0.00  -0.00    -0.01   0.00   0.00     0.01   0.00   0.00
    14   6     0.04   0.00  -0.00    -0.02  -0.00   0.00     0.07   0.00  -0.00
    15   1    -0.31  -0.00   0.00     0.30  -0.00   0.00     0.20  -0.00   0.00
    16   1     0.14   0.00  -0.00    -0.23   0.00   0.00    -0.20  -0.00   0.00
    17   1     0.38  -0.00  -0.00    -0.37   0.00  -0.00    -0.13  -0.00  -0.00
    18   1    -0.28  -0.00  -0.00     0.45   0.00  -0.00     0.33  -0.00  -0.00
    19   1     0.53   0.00  -0.00    -0.00  -0.00   0.00     0.74  -0.00  -0.00
    20   1    -0.28  -0.00   0.00    -0.45  -0.00  -0.00     0.33   0.00  -0.00
    21   1     0.38  -0.00  -0.00     0.37   0.00   0.00    -0.13   0.00  -0.00
    22   1     0.14   0.00   0.00     0.23  -0.00   0.00    -0.20  -0.00   0.00
    23   1    -0.31   0.00   0.00    -0.30   0.00  -0.00     0.20   0.00   0.00
    24   1    -0.02   0.00  -0.05    -0.00   0.03  -0.00     0.00  -0.00   0.01
    25   1    -0.02   0.00   0.05    -0.00  -0.03   0.00     0.00  -0.00  -0.01
                     31                     32                     33
                     A2                     B1                     B2
 Frequencies --   1057.5811              1058.1839              1064.3973
 Red. masses --      1.3950                 1.3964                 2.1600
 Frc consts  --      0.9193                 0.9213                 1.4418
 IR Inten    --      0.0000                 0.4103                 5.3839
  Atom  AN      X      Y      Z        X      Y      Z        X      Y      Z
     1   6     0.05   0.00  -0.00     0.05   0.00  -0.00    -0.00   0.05  -0.08
     2   6    -0.09  -0.00  -0.00    -0.09  -0.00  -0.00     0.00  -0.09  -0.10
     3   6     0.07  -0.00   0.00     0.07  -0.00   0.00    -0.00  -0.07   0.12
     4   6    -0.03   0.00   0.00    -0.03   0.00   0.00     0.00   0.04   0.05
     5   6     0.03   0.00  -0.00    -0.03   0.00  -0.00     0.00   0.04  -0.05
     6   6    -0.07  -0.00  -0.00     0.07  -0.00  -0.00    -0.00  -0.07  -0.12
     7   6     0.09  -0.00   0.00    -0.09  -0.00   0.00     0.00  -0.09   0.10
     8   6    -0.05   0.00   0.00     0.05   0.00   0.00    -0.00   0.05   0.08
     9   6     0.00  -0.00   0.00     0.01  -0.00   0.00     0.00  -0.01  -0.00
    10   6     0.00   0.00   0.00    -0.02  -0.00  -0.00     0.00  -0.02   0.00
    11   6    -0.00   0.00   0.00    -0.00   0.00   0.00    -0.00   0.03   0.03
    12   6    -0.00   0.00  -0.00     0.01   0.00  -0.00     0.00   0.01  -0.02
    13   6     0.00  -0.00  -0.00    -0.00   0.00  -0.00    -0.00   0.03  -0.03
    14   6     0.00   0.00  -0.00     0.01   0.00   0.00    -0.00   0.01   0.02
    15   1    -0.27   0.00  -0.00    -0.26   0.00  -0.00     0.00   0.40  -0.10
    16   1     0.50   0.00  -0.00     0.49  -0.00  -0.00    -0.00  -0.05  -0.21
    17   1    -0.37   0.00   0.00    -0.38   0.00   0.00     0.00   0.03   0.30
    18   1     0.14   0.00   0.00     0.17   0.00   0.00    -0.00   0.34   0.04
    19   1    -0.00  -0.00   0.00     0.10  -0.00  -0.00    -0.00  -0.11  -0.00
    20   1    -0.14   0.00  -0.00     0.17   0.00  -0.00    -0.00   0.34  -0.04
    21   1     0.37  -0.00  -0.00    -0.38   0.00  -0.00     0.00   0.03  -0.30
    22   1    -0.50  -0.00  -0.00     0.49  -0.00   0.00    -0.00  -0.05   0.21
    23   1     0.27   0.00   0.00    -0.26   0.00   0.00     0.00   0.40   0.10
    24   1    -0.00  -0.00  -0.00    -0.00  -0.00  -0.01     0.00  -0.12   0.00
    25   1    -0.00   0.00   0.00    -0.00  -0.00   0.01     0.00  -0.12  -0.00
                     34                     35                     36
                     A1                     B2                     A1
 Frequencies --   1065.4720              1138.5780              1166.3500
 Red. masses --      2.3098                 2.0465                 1.6446
 Frc consts  --      1.5449                 1.5631                 1.3181
 IR Inten    --      1.2322                 0.4572                10.3068
  Atom  AN      X      Y      Z        X      Y      Z        X      Y      Z
     1   6    -0.00   0.06  -0.08     0.00  -0.03   0.09    -0.00   0.04  -0.06
     2   6     0.00  -0.10  -0.10    -0.00   0.01  -0.06    -0.00   0.00   0.05
     3   6     0.00  -0.08   0.12    -0.00  -0.03  -0.02    -0.00   0.02   0.02
     4   6    -0.00   0.05   0.06     0.00   0.02   0.13     0.00  -0.03  -0.09
     5   6    -0.00  -0.05   0.06    -0.00   0.02  -0.13    -0.00   0.03  -0.09
     6   6     0.00   0.08   0.12     0.00  -0.03   0.02    -0.00  -0.02   0.02
     7   6    -0.00   0.10  -0.10     0.00   0.01   0.06     0.00  -0.00   0.05
     8   6    -0.00  -0.06  -0.08    -0.00  -0.03  -0.09     0.00  -0.04  -0.06
     9   6    -0.00   0.00  -0.00    -0.00  -0.06  -0.00    -0.00   0.00  -0.08
    10   6    -0.00   0.00  -0.00    -0.00   0.04  -0.00    -0.00   0.00  -0.06
    11   6    -0.00   0.03   0.01     0.00   0.01  -0.07     0.00  -0.03   0.06
    12   6     0.00   0.02  -0.01    -0.00   0.05  -0.08    -0.00  -0.03   0.05
    13   6     0.00  -0.03   0.01     0.00   0.01   0.07    -0.00   0.03   0.06
    14   6     0.00  -0.02  -0.01     0.00   0.05   0.08     0.00   0.03   0.05
    15   1     0.00   0.40  -0.10     0.00  -0.18   0.11     0.00   0.34  -0.08
    16   1    -0.00  -0.05  -0.23     0.00   0.17  -0.36     0.00  -0.16   0.34
    17   1    -0.00   0.01   0.30     0.00  -0.24  -0.35    -0.00   0.18   0.28
    18   1     0.00   0.35   0.05    -0.00   0.19   0.13    -0.00  -0.28  -0.08
    19   1     0.00   0.00  -0.00     0.00  -0.15   0.00     0.00   0.00  -0.06
    20   1     0.00  -0.35   0.05     0.00   0.19  -0.13     0.00   0.28  -0.08
    21   1    -0.00  -0.01   0.30    -0.00  -0.24   0.35     0.00  -0.18   0.28
    22   1     0.00   0.05  -0.23    -0.00   0.17   0.36    -0.00   0.16   0.34
    23   1     0.00  -0.40  -0.10     0.00  -0.18  -0.11    -0.00  -0.34  -0.08
    24   1     0.01   0.00   0.01     0.00  -0.05   0.00     0.04  -0.00  -0.02
    25   1    -0.01  -0.00   0.01    -0.00  -0.05  -0.00    -0.04   0.00  -0.02
                     37                     38                     39
                     B2                     A1                     B2
 Frequencies --   1178.6168              1194.8722              1210.1469
 Red. masses --      1.3287                 1.1280                 1.2156
 Frc consts  --      1.0875                 0.9489                 1.0489
 IR Inten    --     94.4364                12.8948                24.9071
  Atom  AN      X      Y      Z        X      Y      Z        X      Y      Z
     1   6    -0.00   0.02   0.01    -0.00  -0.01  -0.00    -0.00   0.01  -0.02
     2   6     0.00   0.00   0.03    -0.00   0.01  -0.03    -0.00  -0.04   0.02
     3   6     0.00  -0.03  -0.03    -0.00   0.03   0.03    -0.00  -0.01  -0.01
     4   6    -0.00   0.05  -0.02    -0.00  -0.03   0.00     0.00  -0.02   0.02
     5   6    -0.00   0.05   0.02     0.00   0.03   0.00     0.00  -0.02  -0.02
     6   6     0.00  -0.03   0.03     0.00  -0.03   0.03    -0.00  -0.01   0.01
     7   6     0.00   0.00  -0.03     0.00  -0.01  -0.03    -0.00  -0.04  -0.02
     8   6    -0.00   0.02  -0.01     0.00   0.01  -0.00     0.00   0.01   0.02
     9   6     0.00  -0.01   0.00     0.00  -0.00   0.02    -0.00   0.01   0.00
    10   6    -0.00   0.02   0.00     0.00  -0.00  -0.01     0.00   0.00   0.00
    11   6     0.00  -0.07   0.02     0.00   0.03  -0.02     0.00   0.06  -0.01
    12   6    -0.00  -0.05   0.01    -0.00   0.01   0.01     0.00   0.05  -0.03
    13   6     0.00  -0.07  -0.02    -0.00  -0.03  -0.02    -0.00   0.06   0.01
    14   6    -0.00  -0.05  -0.01    -0.00  -0.01   0.01     0.00   0.05   0.03
    15   1    -0.00   0.25   0.01     0.00  -0.25   0.01     0.00   0.17  -0.03
    16   1    -0.00  -0.05   0.13     0.00   0.16  -0.31     0.00  -0.25   0.42
    17   1    -0.00  -0.17  -0.26     0.00   0.24   0.39     0.00  -0.18  -0.29
    18   1     0.00   0.39  -0.03    -0.00  -0.33   0.02    -0.00  -0.02   0.02
    19   1     0.00   0.23   0.00    -0.00  -0.00  -0.01    -0.00  -0.22  -0.00
    20   1     0.00   0.39   0.03     0.00   0.33   0.02    -0.00  -0.02  -0.02
    21   1    -0.00  -0.17   0.26    -0.00  -0.24   0.39     0.00  -0.18   0.29
    22   1    -0.00  -0.05  -0.13    -0.00  -0.16  -0.31     0.00  -0.25  -0.42
    23   1    -0.00   0.25  -0.01    -0.00   0.25   0.01     0.00   0.17   0.03
    24   1    -0.00   0.36  -0.00    -0.02  -0.00  -0.02     0.00  -0.28   0.00
    25   1    -0.00   0.36   0.00     0.02   0.00  -0.02     0.00  -0.28  -0.00
                     40                     41                     42
                     A2                     B2                     A1
 Frequencies --   1215.0343              1230.8451              1231.5620
 Red. masses --      1.1151                 1.2676                 2.7602
 Frc consts  --      0.9699                 1.1315                 2.4667
 IR Inten    --      0.0000               102.4795                 0.3357
  Atom  AN      X      Y      Z        X      Y      Z        X      Y      Z
     1   6     0.02   0.00  -0.00     0.00  -0.02  -0.02    -0.00   0.05  -0.01
     2   6     0.00  -0.00   0.00     0.00  -0.01  -0.02     0.00  -0.09   0.01
     3   6    -0.00   0.00   0.00    -0.00   0.01  -0.01     0.00   0.02  -0.01
     4   6    -0.00  -0.00   0.00    -0.00   0.01  -0.02    -0.00  -0.05   0.06
     5   6     0.00   0.00   0.00     0.00   0.01   0.02     0.00   0.05   0.06
     6   6     0.00  -0.00   0.00    -0.00   0.01   0.01    -0.00  -0.02  -0.01
     7   6    -0.00   0.00   0.00    -0.00  -0.01   0.02     0.00   0.09   0.01
     8   6    -0.02  -0.00  -0.00     0.00  -0.02   0.02     0.00  -0.05  -0.01
     9   6     0.00  -0.00   0.00     0.00   0.06  -0.00     0.00   0.00   0.14
    10   6    -0.00  -0.00  -0.00    -0.00  -0.01  -0.00    -0.00  -0.00   0.03
    11   6    -0.07   0.00  -0.00    -0.00   0.06   0.02     0.00   0.19  -0.12
    12   6     0.01   0.00  -0.00     0.00  -0.06   0.02    -0.00   0.03  -0.06
    13   6     0.07  -0.00  -0.00    -0.00   0.06  -0.02    -0.00  -0.19  -0.12
    14   6    -0.01  -0.00  -0.00     0.00  -0.06  -0.02     0.00  -0.03  -0.06
    15   1    -0.04  -0.00  -0.00    -0.00  -0.34  -0.01     0.00   0.03  -0.02
    16   1    -0.03  -0.00   0.00     0.00  -0.02   0.01     0.00  -0.32   0.42
    17   1     0.01   0.00   0.00     0.00  -0.01  -0.05    -0.00  -0.00  -0.05
    18   1     0.01  -0.00   0.00    -0.00   0.38  -0.04     0.00  -0.35   0.08
    19   1     0.00   0.00  -0.00     0.00   0.47  -0.00     0.00   0.00   0.02
    20   1    -0.01   0.00   0.00    -0.00   0.38   0.04    -0.00   0.35   0.08
    21   1    -0.01  -0.00   0.00     0.00  -0.01   0.05     0.00   0.00  -0.05
    22   1     0.03   0.00   0.00     0.00  -0.02  -0.01    -0.00   0.32   0.42
    23   1     0.04   0.00  -0.00    -0.00  -0.34   0.01    -0.00  -0.03  -0.02
    24   1     0.00   0.70   0.00     0.00  -0.34  -0.00    -0.05  -0.00   0.07
    25   1    -0.00  -0.70   0.00    -0.00  -0.34  -0.00     0.05  -0.00   0.07
                     43                     44                     45
                     B2                     A1                     A1
 Frequencies --   1288.7274              1316.1119              1328.2529
 Red. masses --      1.8488                 1.5856                 3.4116
 Frc consts  --      1.8091                 1.6182                 3.5462
 IR Inten    --      3.4518                 0.3575                36.2341
  Atom  AN      X      Y      Z        X      Y      Z        X      Y      Z
     1   6    -0.00   0.06   0.04     0.00   0.03  -0.02    -0.00  -0.04  -0.08
     2   6    -0.00  -0.03   0.02    -0.00  -0.01  -0.02     0.00   0.00  -0.04
     3   6    -0.00   0.01  -0.02    -0.00   0.02  -0.03     0.00  -0.05   0.05
     4   6     0.00  -0.01   0.03     0.00  -0.03  -0.03    -0.00   0.02  -0.01
     5   6    -0.00  -0.01  -0.03    -0.00   0.03  -0.03     0.00  -0.02  -0.01
     6   6    -0.00   0.01   0.02     0.00  -0.02  -0.03    -0.00   0.05   0.05
     7   6    -0.00  -0.03  -0.02     0.00   0.01  -0.02    -0.00  -0.00  -0.04
     8   6    -0.00   0.06  -0.04    -0.00  -0.03  -0.02     0.00   0.04  -0.08
     9   6    -0.00  -0.10   0.00     0.00  -0.00  -0.01    -0.00   0.00  -0.05
    10   6    -0.00   0.02  -0.00     0.00  -0.00   0.00    -0.00   0.00  -0.18
    11   6     0.00   0.02  -0.14    -0.00   0.08   0.03     0.00   0.09   0.14
    12   6     0.00  -0.05  -0.05     0.00  -0.11   0.05     0.00   0.20   0.09
    13   6     0.00   0.02   0.14     0.00  -0.08   0.03    -0.00  -0.09   0.14
    14   6     0.00  -0.05   0.05    -0.00   0.11   0.05    -0.00  -0.20   0.09
    15   1     0.00   0.27   0.03    -0.00  -0.39  -0.00     0.00  -0.47  -0.07
    16   1     0.00  -0.04   0.04     0.00  -0.12   0.18     0.00  -0.11   0.15
    17   1     0.00   0.10   0.12     0.00   0.15   0.18     0.00  -0.22  -0.22
    18   1    -0.00  -0.18   0.04    -0.00   0.46  -0.05     0.00  -0.10  -0.00
    19   1     0.00   0.80   0.00    -0.00  -0.00   0.01     0.00  -0.00  -0.21
    20   1    -0.00  -0.18  -0.04     0.00  -0.46  -0.05    -0.00   0.10  -0.00
    21   1     0.00   0.10  -0.12    -0.00  -0.15   0.18    -0.00   0.22  -0.22
    22   1     0.00  -0.04  -0.04    -0.00   0.12   0.18     0.00   0.11   0.15
    23   1     0.00   0.27  -0.03     0.00   0.39  -0.00    -0.00   0.47  -0.07
    24   1    -0.00  -0.09   0.00     0.01   0.00   0.01     0.03  -0.00  -0.02
    25   1     0.00  -0.09  -0.00    -0.01  -0.00   0.01    -0.03   0.00  -0.02
                     46                     47                     48
                     B2                     A1                     A1
 Frequencies --   1372.3241              1392.2804              1399.0789
 Red. masses --      3.1052                 2.7956                 1.3977
 Frc consts  --      3.4455                 3.1928                 1.6120
 IR Inten    --    252.8938                57.5810                11.0299
  Atom  AN      X      Y      Z        X      Y      Z        X      Y      Z
     1   6     0.00  -0.14   0.03     0.00   0.13  -0.03    -0.00  -0.04   0.01
     2   6     0.00   0.07  -0.03     0.00  -0.07   0.10    -0.00   0.02  -0.03
     3   6     0.00   0.07   0.08     0.00  -0.07  -0.09     0.00   0.03   0.03
     4   6    -0.00  -0.07  -0.02     0.00   0.13   0.02     0.00  -0.04   0.00
     5   6    -0.00  -0.07   0.02    -0.00  -0.13   0.02    -0.00   0.04   0.00
     6   6     0.00   0.07  -0.08    -0.00   0.07  -0.09    -0.00  -0.03   0.03
     7   6     0.00   0.07   0.03     0.00   0.07   0.10     0.00  -0.02  -0.03
     8   6     0.00  -0.14  -0.03     0.00  -0.13  -0.03     0.00   0.04   0.01
     9   6     0.00   0.18  -0.00    -0.00   0.00  -0.03    -0.00   0.00  -0.08
    10   6    -0.00   0.07   0.00     0.00   0.00  -0.05     0.00  -0.00   0.04
    11   6    -0.00  -0.06   0.09     0.00  -0.04  -0.08     0.00   0.02   0.03
    12   6     0.00  -0.02  -0.15    -0.00  -0.01   0.10    -0.00   0.00  -0.07
    13   6    -0.00  -0.06  -0.09     0.00   0.04  -0.08    -0.00  -0.02   0.03
    14   6     0.00  -0.02   0.15     0.00   0.01   0.10     0.00  -0.00  -0.07
    15   1    -0.00   0.47   0.00    -0.00  -0.22  -0.02     0.00   0.03   0.00
    16   1    -0.00   0.12  -0.11    -0.00   0.06  -0.16     0.00  -0.01   0.03
    17   1    -0.00  -0.05  -0.13    -0.00  -0.00   0.04     0.00  -0.01  -0.03
    18   1    -0.00  -0.13  -0.02     0.00  -0.14   0.04     0.00  -0.00  -0.00
    19   1     0.00   0.39   0.00    -0.00  -0.00  -0.06    -0.00  -0.00   0.04
    20   1    -0.00  -0.13   0.02    -0.00   0.14   0.04    -0.00   0.00  -0.00
    21   1     0.00  -0.05   0.13     0.00   0.00   0.04     0.00   0.01  -0.03
    22   1    -0.00   0.12   0.11     0.00  -0.06  -0.16     0.00   0.01   0.03
    23   1    -0.00   0.47  -0.00     0.00   0.22  -0.02     0.00  -0.03   0.00
    24   1     0.00  -0.20   0.00     0.34  -0.00   0.45     0.45  -0.00   0.53
    25   1    -0.00  -0.20   0.00    -0.34  -0.00   0.45    -0.45  -0.00   0.53
                     49                     50                     51
                     B2                     B2                     B2
 Frequencies --   1399.3965              1464.2819              1498.7573
 Red. masses --      2.2730                 2.1084                 3.1714
 Frc consts  --      2.6226                 2.6635                 4.1972
 IR Inten    --     34.6574               102.1598               369.6463
  Atom  AN      X      Y      Z        X      Y      Z        X      Y      Z
     1   6     0.00   0.03  -0.02     0.00   0.03   0.04    -0.00  -0.13   0.03
     2   6     0.00  -0.04   0.10    -0.00   0.04   0.01     0.00   0.05   0.00
     3   6     0.00  -0.03  -0.03    -0.00  -0.05  -0.11     0.00   0.05  -0.01
     4   6    -0.00   0.12  -0.02     0.00  -0.05   0.05    -0.00  -0.12  -0.03
     5   6    -0.00   0.12   0.02    -0.00  -0.05  -0.05    -0.00  -0.12   0.03
     6   6    -0.00  -0.03   0.03    -0.00  -0.05   0.11     0.00   0.05   0.01
     7   6    -0.00  -0.04  -0.10     0.00   0.04  -0.01    -0.00   0.05  -0.00
     8   6     0.00   0.03   0.02     0.00   0.03  -0.04    -0.00  -0.13  -0.03
     9   6    -0.00   0.16   0.00    -0.00   0.10   0.00     0.00  -0.02   0.00
    10   6    -0.00  -0.04  -0.00    -0.00   0.14   0.00     0.00  -0.12  -0.00
    11   6    -0.00  -0.08  -0.06    -0.00  -0.09  -0.03    -0.00   0.04  -0.13
    12   6     0.00  -0.01   0.08     0.00  -0.02  -0.03     0.00   0.10   0.16
    13   6    -0.00  -0.08   0.06     0.00  -0.09   0.03    -0.00   0.04   0.13
    14   6     0.00  -0.01  -0.08     0.00  -0.02   0.03     0.00   0.10  -0.16
    15   1    -0.00   0.19  -0.03    -0.00   0.03   0.05     0.00   0.42   0.01
    16   1    -0.00   0.18  -0.33     0.00  -0.04   0.18    -0.00   0.10  -0.07
    17   1     0.00  -0.11  -0.17     0.00   0.26   0.40    -0.00   0.09   0.03
    18   1    -0.00  -0.21  -0.00    -0.00   0.27   0.05     0.00   0.44  -0.06
    19   1    -0.00  -0.10  -0.00     0.00  -0.35   0.00    -0.00  -0.07  -0.00
    20   1    -0.00  -0.21   0.00    -0.00   0.27  -0.05     0.00   0.44   0.06
    21   1     0.00  -0.11   0.17     0.00   0.26  -0.40    -0.00   0.09  -0.03
    22   1     0.00   0.18   0.33     0.00  -0.04  -0.18    -0.00   0.10   0.07
    23   1    -0.00   0.19   0.03    -0.00   0.03  -0.05     0.00   0.42  -0.01
    24   1    -0.00  -0.42  -0.00    -0.00  -0.22  -0.00     0.00  -0.03   0.00
    25   1     0.00  -0.42  -0.00     0.00  -0.22  -0.00    -0.00  -0.03   0.00
                     52                     53                     54
                     A1                     A1                     B2
 Frequencies --   1502.4750              1542.8109              1569.9934
 Red. masses --      2.5463                 2.8509                 3.5565
 Frc consts  --      3.3867                 3.9982                 5.1650
 IR Inten    --     23.1033                21.3109               473.0468
  Atom  AN      X      Y      Z        X      Y      Z        X      Y      Z
     1   6     0.00   0.02   0.06     0.00   0.13   0.02     0.00  -0.03  -0.08
     2   6     0.00   0.08  -0.05    -0.00  -0.02  -0.09    -0.00  -0.08   0.16
     3   6     0.00  -0.09  -0.10    -0.00  -0.02   0.07    -0.00   0.07  -0.04
     4   6    -0.00  -0.04   0.08     0.00   0.10   0.00     0.00  -0.07  -0.01
     5   6     0.00   0.04   0.08    -0.00  -0.10   0.00    -0.00  -0.07   0.01
     6   6    -0.00   0.09  -0.10     0.00   0.02   0.07     0.00   0.07   0.04
     7   6    -0.00  -0.08  -0.05     0.00   0.02  -0.09     0.00  -0.08  -0.16
     8   6     0.00  -0.02   0.06    -0.00  -0.13   0.02    -0.00  -0.03   0.08
     9   6    -0.00   0.00   0.01    -0.00  -0.00  -0.03     0.00  -0.10   0.00
    10   6     0.00   0.00  -0.00     0.00   0.00   0.09    -0.00   0.23  -0.00
    11   6    -0.00  -0.10  -0.03    -0.00  -0.09   0.09    -0.00   0.13   0.03
    12   6    -0.00   0.13  -0.04     0.00  -0.08  -0.13    -0.00  -0.12  -0.03
    13   6     0.00   0.10  -0.03     0.00   0.09   0.09     0.00   0.13  -0.03
    14   6     0.00  -0.13  -0.04     0.00   0.08  -0.13    -0.00  -0.12   0.03
    15   1    -0.00  -0.06   0.08     0.00  -0.42   0.05    -0.00   0.17  -0.11
    16   1    -0.00  -0.13   0.36     0.00  -0.18   0.18     0.00   0.21  -0.38
    17   1    -0.00   0.22   0.44    -0.00  -0.13  -0.09    -0.00   0.06  -0.10
    18   1     0.00   0.17   0.09    -0.00  -0.35   0.02    -0.00   0.15  -0.03
    19   1     0.00   0.00  -0.01    -0.00  -0.00   0.10     0.00  -0.48  -0.00
    20   1    -0.00  -0.17   0.09     0.00   0.35   0.02     0.00   0.15   0.03
    21   1     0.00  -0.22   0.44     0.00   0.13  -0.09    -0.00   0.06   0.10
    22   1     0.00   0.13   0.36    -0.00   0.18   0.18    -0.00   0.21   0.38
    23   1     0.00   0.06   0.08    -0.00   0.42   0.05    -0.00   0.17   0.11
    24   1     0.02   0.00   0.03    -0.07   0.00  -0.12    -0.00   0.08  -0.00
    25   1    -0.02  -0.00   0.03     0.07   0.00  -0.12     0.00   0.08   0.00
                     55                     56                     57
                     B2                     A1                     B2
 Frequencies --   1623.0656              1625.7880              1664.6160
 Red. masses --      4.9412                 5.8975                 5.6186
 Frc consts  --      7.6693                 9.1844                 9.1729
 IR Inten    --     28.6621                20.1635               446.5950
  Atom  AN      X      Y      Z        X      Y      Z        X      Y      Z
     1   6     0.00   0.05   0.09     0.00   0.04  -0.13    -0.00   0.23  -0.02
     2   6    -0.00   0.02  -0.16    -0.00  -0.10   0.23    -0.00  -0.14   0.06
     3   6    -0.00   0.07   0.18    -0.00   0.00  -0.16     0.00   0.17   0.08
     4   6     0.00   0.00  -0.10     0.00  -0.07   0.09    -0.00  -0.23  -0.03
     5   6    -0.00   0.00   0.10    -0.00   0.07   0.09     0.00  -0.23   0.03
     6   6     0.00   0.07  -0.18     0.00  -0.00  -0.16    -0.00   0.17  -0.08
     7   6     0.00   0.02   0.16     0.00   0.10   0.23    -0.00  -0.14  -0.06
     8   6     0.00   0.05  -0.09    -0.00  -0.04  -0.13    -0.00   0.23   0.02
     9   6     0.00   0.01  -0.00    -0.00  -0.00  -0.04    -0.00   0.07   0.00
    10   6    -0.00   0.25   0.00     0.00  -0.00   0.06     0.00  -0.04   0.00
    11   6    -0.00  -0.04  -0.15    -0.00   0.04   0.22     0.00  -0.17   0.00
    12   6    -0.00  -0.17   0.11     0.00   0.06  -0.22     0.00   0.12  -0.04
    13   6    -0.00  -0.04   0.15     0.00  -0.04   0.22     0.00  -0.17  -0.00
    14   6     0.00  -0.17  -0.11    -0.00  -0.06  -0.22     0.00   0.12   0.04
    15   1    -0.00  -0.05   0.10     0.00  -0.07  -0.15     0.00  -0.31   0.01
    16   1     0.00  -0.16   0.16     0.00   0.21  -0.35     0.00  -0.02  -0.21
    17   1     0.00  -0.17  -0.21     0.00   0.17   0.09     0.00   0.00  -0.24
    18   1    -0.00  -0.06  -0.11    -0.00   0.11   0.09    -0.00   0.27  -0.06
    19   1     0.00  -0.56   0.00    -0.00   0.00   0.06    -0.00   0.17  -0.00
    20   1    -0.00  -0.06   0.11     0.00  -0.11   0.09    -0.00   0.27   0.06
    21   1    -0.00  -0.17   0.21    -0.00  -0.17   0.09     0.00   0.00   0.24
    22   1    -0.00  -0.16  -0.16    -0.00  -0.21  -0.35     0.00  -0.02   0.21
    23   1    -0.00  -0.05  -0.10    -0.00   0.07  -0.15     0.00  -0.31  -0.01
    24   1    -0.00  -0.09  -0.00    -0.09   0.00  -0.14     0.00  -0.05   0.00
    25   1     0.00  -0.09  -0.00     0.09   0.00  -0.14     0.00  -0.05  -0.00
                     58                     59                     60
                     A1                     A1                     B1
 Frequencies --   1680.6564              3035.1135              3059.2371
 Red. masses --      6.1764                 1.0616                 1.0962
 Frc consts  --     10.2788                 5.7618                 6.0446
 IR Inten    --     24.6883                11.4970                 3.4466
  Atom  AN      X      Y      Z        X      Y      Z        X      Y      Z
     1   6     0.00  -0.22  -0.01     0.00   0.00  -0.00     0.00  -0.00  -0.00
     2   6    -0.00   0.12  -0.02    -0.00  -0.00   0.00     0.00  -0.00  -0.00
     3   6    -0.00  -0.18  -0.12    -0.00  -0.00  -0.00    -0.00  -0.00  -0.00
     4   6     0.00   0.26   0.04     0.00   0.00   0.00    -0.00   0.00   0.00
     5   6    -0.00  -0.26   0.04    -0.00  -0.00   0.00    -0.00   0.00  -0.00
     6   6     0.00   0.18  -0.12     0.00   0.00  -0.00    -0.00  -0.00   0.00
     7   6     0.00  -0.12  -0.02     0.00   0.00   0.00     0.00  -0.00   0.00
     8   6    -0.00   0.22  -0.01    -0.00  -0.00  -0.00     0.00  -0.00  -0.00
     9   6    -0.00   0.00  -0.01     0.00  -0.00   0.07    -0.09   0.00   0.00
    10   6     0.00  -0.00   0.03    -0.00   0.00   0.00     0.00   0.00  -0.00
    11   6    -0.00   0.17   0.08    -0.00  -0.00   0.00    -0.00   0.00   0.00
    12   6     0.00  -0.15  -0.03    -0.00  -0.00  -0.00    -0.00  -0.00  -0.00
    13   6     0.00  -0.17   0.08     0.00   0.00   0.00    -0.00   0.00  -0.00
    14   6    -0.00   0.15  -0.03     0.00   0.00  -0.00    -0.00  -0.00   0.00
    15   1     0.00   0.26  -0.04     0.00  -0.00   0.00    -0.00   0.00  -0.00
    16   1     0.00   0.05   0.16     0.00  -0.00   0.00    -0.00   0.00   0.00
    17   1     0.00   0.01   0.25    -0.00  -0.00   0.00    -0.00  -0.00  -0.00
    18   1    -0.00  -0.31   0.08    -0.00  -0.00  -0.00    -0.00  -0.00  -0.00
    19   1    -0.00   0.00   0.04     0.00  -0.00  -0.00     0.00   0.00   0.00
    20   1     0.00   0.31   0.08     0.00   0.00  -0.00    -0.00  -0.00   0.00
    21   1     0.00  -0.01   0.25     0.00   0.00   0.00    -0.00  -0.00  -0.00
    22   1    -0.00  -0.05   0.16    -0.00   0.00   0.00    -0.00   0.00  -0.00
    23   1    -0.00  -0.26  -0.04    -0.00   0.00   0.00    -0.00   0.00   0.00
    24   1    -0.01   0.00  -0.03     0.57   0.00  -0.42     0.55   0.00  -0.44
    25   1     0.01  -0.00  -0.03    -0.57  -0.00  -0.42     0.55   0.00   0.44
                     61                     62                     63
                     A1                     B2                     A1
 Frequencies --   3183.3815              3208.8100              3208.9585
 Red. masses --      1.0916                 1.0898                 1.0899
 Frc consts  --      6.5179                 6.6114                 6.6124
 IR Inten    --      0.0619                 0.3095                 0.0571
  Atom  AN      X      Y      Z        X      Y      Z        X      Y      Z
     1   6     0.00   0.00   0.00     0.00  -0.00  -0.05    -0.00  -0.00  -0.05
     2   6    -0.00  -0.00   0.00     0.00   0.03   0.02    -0.00   0.03   0.02
     3   6    -0.00   0.00  -0.00     0.00  -0.01   0.00    -0.00  -0.01   0.00
     4   6     0.00   0.00   0.00    -0.00  -0.00  -0.01     0.00  -0.00  -0.02
     5   6     0.00  -0.00   0.00    -0.00  -0.00   0.01    -0.00   0.00  -0.02
     6   6     0.00  -0.00  -0.00     0.00  -0.01  -0.00     0.00   0.01   0.00
     7   6     0.00   0.00   0.00     0.00   0.03  -0.02    -0.00  -0.03   0.02
     8   6    -0.00  -0.00   0.00     0.00  -0.00   0.05    -0.00   0.00  -0.05
     9   6     0.00   0.00   0.00    -0.00  -0.00  -0.00     0.00   0.00  -0.00
    10   6    -0.00  -0.00  -0.09     0.00   0.00  -0.00    -0.00   0.00  -0.00
    11   6    -0.00   0.00   0.00     0.00   0.00   0.00    -0.00   0.00   0.00
    12   6    -0.00   0.00   0.00    -0.00  -0.00   0.00     0.00  -0.00   0.00
    13   6    -0.00  -0.00   0.00     0.00   0.00  -0.00    -0.00  -0.00   0.00
    14   6    -0.00  -0.00   0.00    -0.00  -0.00  -0.00    -0.00   0.00   0.00
    15   1    -0.00  -0.00  -0.00    -0.00   0.03   0.58     0.00   0.03   0.58
    16   1     0.00   0.00   0.00    -0.00  -0.31  -0.17     0.00  -0.31  -0.17
    17   1     0.00  -0.01   0.00     0.00   0.09  -0.05     0.00   0.09  -0.06
    18   1    -0.00  -0.00  -0.03     0.00   0.01   0.16    -0.00   0.01   0.17
    19   1     0.00   0.00   1.00     0.00   0.00   0.00     0.00  -0.00   0.02
    20   1     0.00   0.00  -0.03     0.00   0.01  -0.16     0.00  -0.01   0.17
    21   1    -0.00   0.01   0.00     0.00   0.09   0.05    -0.00  -0.09  -0.06
    22   1    -0.00  -0.00   0.00    -0.00  -0.31   0.17    -0.00   0.31  -0.17
    23   1    -0.00   0.00  -0.00    -0.00   0.03  -0.58    -0.00  -0.03   0.58
    24   1     0.00  -0.00  -0.00     0.00  -0.00  -0.00    -0.00   0.00   0.00
    25   1    -0.00  -0.00  -0.00     0.00  -0.00   0.00     0.00  -0.00   0.00
                     64                     65                     66
                     B2                     A1                     B2
 Frequencies --   3213.7750              3214.0802              3223.1785
 Red. masses --      1.0913                 1.0915                 1.0948
 Frc consts  --      6.6406                 6.6431                 6.7014
 IR Inten    --      0.8667                 0.0205                 0.5899
  Atom  AN      X      Y      Z        X      Y      Z        X      Y      Z
     1   6     0.00   0.00   0.02    -0.00   0.00   0.02    -0.00   0.00  -0.03
     2   6     0.00  -0.00  -0.00    -0.00  -0.00  -0.00    -0.00  -0.05  -0.02
     3   6     0.00  -0.01   0.01     0.00  -0.01   0.01    -0.00   0.01  -0.01
     4   6    -0.00  -0.00  -0.06     0.00  -0.00  -0.06     0.00  -0.00  -0.01
     5   6    -0.00  -0.00   0.06     0.00   0.00  -0.06     0.00  -0.00   0.01
     6   6     0.00  -0.01  -0.01     0.00   0.01   0.01    -0.00   0.01   0.01
     7   6     0.00  -0.00   0.00     0.00   0.00  -0.00    -0.00  -0.05   0.02
     8   6     0.00   0.00  -0.02     0.00  -0.00   0.02    -0.00   0.00   0.03
     9   6    -0.00  -0.00  -0.00     0.00   0.00   0.00     0.00  -0.00  -0.00
    10   6     0.00  -0.00  -0.00    -0.00  -0.00  -0.00     0.00  -0.00   0.00
    11   6    -0.00  -0.00   0.00    -0.00  -0.00   0.00     0.00   0.00   0.00
    12   6    -0.00  -0.00   0.00     0.00  -0.00   0.00     0.00  -0.00   0.00
    13   6    -0.00  -0.00  -0.00     0.00   0.00   0.00     0.00   0.00  -0.00
    14   6    -0.00  -0.00  -0.00    -0.00   0.00   0.00     0.00  -0.00  -0.00
    15   1    -0.00  -0.01  -0.20     0.00  -0.01  -0.21     0.00   0.01   0.34
    16   1    -0.00   0.02   0.01     0.00   0.02   0.01     0.00   0.51   0.27
    17   1    -0.00   0.15  -0.09    -0.00   0.15  -0.09     0.00  -0.15   0.08
    18   1     0.00   0.03   0.65    -0.00   0.03   0.65    -0.00   0.01   0.13
    19   1     0.00   0.00   0.00    -0.00  -0.00   0.04    -0.00   0.00  -0.00
    20   1     0.00   0.03  -0.65     0.00  -0.03   0.65    -0.00   0.01  -0.13
    21   1    -0.00   0.15   0.09     0.00  -0.15  -0.09     0.00  -0.15  -0.08
    22   1    -0.00   0.02  -0.01    -0.00  -0.02   0.01     0.00   0.51  -0.27
    23   1    -0.00  -0.01   0.20    -0.00   0.01  -0.21     0.00   0.01  -0.34
    24   1     0.00   0.00  -0.00     0.00   0.00  -0.00    -0.00  -0.00   0.00
    25   1     0.00   0.00   0.00    -0.00  -0.00  -0.00    -0.00  -0.00  -0.00
                     67                     68                     69
                     A1                     B2                     A1
 Frequencies --   3223.2128              3241.3604              3241.3840
 Red. masses --      1.0949                 1.0974                 1.0974
 Frc consts  --      6.7017                 6.7932                 6.7935
 IR Inten    --      0.0061                 0.7243                 0.0674
  Atom  AN      X      Y      Z        X      Y      Z        X      Y      Z
     1   6    -0.00   0.00  -0.03     0.00   0.00  -0.00     0.00   0.00  -0.00
     2   6    -0.00  -0.05  -0.02    -0.00  -0.02  -0.01     0.00  -0.02  -0.01
     3   6     0.00   0.01  -0.01    -0.00  -0.05   0.03    -0.00  -0.05   0.03
     4   6     0.00  -0.00  -0.01    -0.00   0.00   0.02    -0.00   0.00   0.02
     5   6    -0.00   0.00  -0.01    -0.00   0.00  -0.02    -0.00  -0.00   0.02
     6   6     0.00  -0.01  -0.01    -0.00  -0.05  -0.03    -0.00   0.05   0.03
     7   6     0.00   0.05  -0.02    -0.00  -0.02   0.01    -0.00   0.02  -0.01
     8   6     0.00  -0.00  -0.03     0.00   0.00   0.00    -0.00  -0.00  -0.00
     9   6     0.00   0.00  -0.00     0.00  -0.00   0.00     0.00   0.00  -0.00
    10   6     0.00  -0.00  -0.00    -0.00  -0.00  -0.00     0.00   0.00   0.00
    11   6    -0.00   0.00   0.00    -0.00   0.00   0.00     0.00   0.00   0.00
    12   6     0.00  -0.00   0.00     0.00   0.00  -0.00    -0.00   0.00  -0.00
    13   6     0.00  -0.00   0.00    -0.00   0.00  -0.00    -0.00  -0.00   0.00
    14   6    -0.00   0.00   0.00     0.00   0.00   0.00     0.00  -0.00  -0.00
    15   1     0.00   0.01   0.34     0.00   0.00   0.05     0.00   0.00   0.05
    16   1    -0.00   0.51   0.27     0.00   0.17   0.10     0.00   0.17   0.10
    17   1     0.00  -0.15   0.08     0.00   0.56  -0.34    -0.00   0.56  -0.34
    18   1    -0.00   0.01   0.13     0.00  -0.01  -0.16    -0.00  -0.01  -0.16
    19   1    -0.00  -0.00   0.01     0.00  -0.00   0.00     0.00  -0.00  -0.00
    20   1     0.00  -0.01   0.13     0.00  -0.01   0.16     0.00   0.01  -0.16
    21   1     0.00   0.15   0.08     0.00   0.56   0.34    -0.00  -0.56  -0.34
    22   1     0.00  -0.51   0.27     0.00   0.17  -0.10    -0.00  -0.17   0.10
    23   1    -0.00  -0.01   0.34     0.00   0.00  -0.05    -0.00  -0.00   0.05
    24   1    -0.00   0.00   0.00    -0.00  -0.00   0.00     0.00  -0.00   0.00
    25   1     0.00  -0.00   0.00    -0.00  -0.00  -0.00    -0.00   0.00   0.00
