                      1                      2                      3
                     B2                     B1                     A2
 Frequencies --   -409.4909                59.1754               106.8040
 Red. masses --      5.8264                 3.8583                 3.6329
 Frc consts  --      0.5756                 0.0080                 0.0244
 IR Inten    --  22334.9328                 0.1923                 0.0000
  Atom  AN      X      Y      Z        X      Y      Z        X      Y      Z
     1   6     0.00  -0.16   0.00    -0.04  -0.00   0.00     0.20   0.00  -0.00
     2   6     0.00  -0.18  -0.08    -0.19   0.00   0.00     0.12   0.00   0.00
     3   6    -0.00  -0.09  -0.16    -0.17   0.00   0.00    -0.13   0.00   0.00
     4   6    -0.00   0.20  -0.08    -0.01   0.00   0.00    -0.20  -0.00   0.00
     5   6     0.00   0.20   0.08    -0.01  -0.00  -0.00     0.20  -0.00  -0.00
     6   6    -0.00  -0.09   0.16    -0.17   0.00   0.00     0.13   0.00  -0.00
     7   6    -0.00  -0.18   0.08    -0.19   0.00   0.00    -0.12   0.00  -0.00
     8   6    -0.00  -0.16  -0.00    -0.04   0.00   0.00    -0.20   0.00   0.00
     9   6     0.00  -0.08  -0.00     0.22   0.00   0.00     0.00   0.00  -0.00
    10   6     0.00   0.29  -0.00     0.19  -0.00  -0.00    -0.00  -0.00   0.00
    11   6    -0.00   0.09   0.11     0.09  -0.00  -0.00     0.06  -0.00  -0.00
    12   6    -0.00   0.09  -0.01     0.11  -0.00  -0.00    -0.05  -0.00  -0.00
    13   6    -0.00   0.09  -0.11     0.09   0.00  -0.00    -0.06  -0.00   0.00
    14   6     0.00   0.09   0.01     0.11  -0.00  -0.00     0.05  -0.00  -0.00
    15   1     0.00  -0.05  -0.00    -0.04  -0.00  -0.00     0.36  -0.00  -0.00
    16   1     0.00  -0.18  -0.07    -0.31  -0.00   0.00     0.23   0.00   0.00
    17   1    -0.00  -0.01  -0.02    -0.27   0.00   0.00    -0.24   0.00   0.00
    18   1    -0.00   0.09  -0.08    -0.01   0.00   0.00    -0.37   0.00   0.00
    19   1     0.00   0.25   0.00     0.23  -0.00  -0.00    -0.00  -0.00   0.00
    20   1     0.00   0.09   0.08    -0.01  -0.00  -0.00     0.37  -0.00  -0.00
    21   1     0.00  -0.01   0.02    -0.27  -0.00   0.00     0.24  -0.00   0.00
    22   1    -0.00  -0.18   0.07    -0.31   0.00   0.00    -0.23   0.00   0.00
    23   1     0.00  -0.05   0.00    -0.04   0.00   0.00    -0.36   0.00   0.00
    24   1     0.00  -0.44  -0.00     0.38  -0.00   0.19     0.00   0.04  -0.00
    25   1    -0.00  -0.44  -0.00     0.38   0.00  -0.19     0.00  -0.04   0.00
                      4                      5                      6
                     B1                     A2                     A1
 Frequencies --    199.1896               221.9982               234.4458
 Red. masses --      1.9786                 4.6535                 4.3872
 Frc consts  --      0.0463                 0.1351                 0.1421
 IR Inten    --     10.7348                 0.0000                 0.0517
  Atom  AN      X      Y      Z        X      Y      Z        X      Y      Z
     1   6    -0.09   0.00  -0.00     0.15  -0.00   0.00    -0.00  -0.13   0.02
     2   6    -0.02   0.00  -0.00    -0.15  -0.00   0.00     0.00  -0.06   0.17
     3   6     0.10  -0.00  -0.00    -0.14   0.00   0.00     0.00   0.05   0.17
     4   6     0.04  -0.00   0.00     0.15   0.00   0.00    -0.00   0.12   0.02
     5   6     0.04   0.00  -0.00    -0.15  -0.00   0.00     0.00  -0.12   0.02
     6   6     0.10   0.00  -0.00     0.14  -0.00   0.00    -0.00  -0.05   0.17
     7   6    -0.02   0.00  -0.00     0.15   0.00   0.00    -0.00   0.06   0.17
     8   6    -0.09   0.00   0.00    -0.15   0.00   0.00     0.00   0.13   0.02
     9   6     0.16  -0.00   0.00    -0.00  -0.00  -0.00     0.00   0.00  -0.15
    10   6    -0.10  -0.00   0.00    -0.00   0.00  -0.00     0.00  -0.00  -0.15
    11   6    -0.05  -0.00  -0.00     0.20  -0.00  -0.00    -0.00  -0.03  -0.13
    12   6    -0.06  -0.00   0.00     0.20   0.00  -0.00    -0.00   0.02  -0.13
    13   6    -0.05  -0.00   0.00    -0.20   0.00  -0.00     0.00   0.03  -0.13
    14   6    -0.06  -0.00  -0.00    -0.20  -0.00  -0.00     0.00  -0.02  -0.13
    15   1    -0.12   0.00  -0.00     0.21  -0.00   0.00    -0.00  -0.29   0.02
    16   1    -0.02   0.00  -0.00    -0.35  -0.00   0.00     0.00  -0.11   0.26
    17   1     0.23  -0.00  -0.00    -0.33   0.00   0.00     0.00   0.10   0.26
    18   1     0.09  -0.00   0.00     0.19   0.00   0.00    -0.00   0.27   0.02
    19   1    -0.12  -0.00   0.00    -0.00   0.00  -0.00     0.00  -0.00  -0.16
    20   1     0.09   0.00  -0.00    -0.19  -0.00   0.00     0.00  -0.27   0.02
    21   1     0.23   0.00  -0.00     0.33  -0.00   0.00    -0.00  -0.10   0.26
    22   1    -0.02   0.00  -0.00     0.35   0.00   0.00    -0.00   0.11   0.26
    23   1    -0.12  -0.00   0.00    -0.21   0.00   0.00     0.00   0.29   0.02
    24   1     0.48   0.00   0.38    -0.00   0.15  -0.00     0.00   0.00  -0.15
    25   1     0.48  -0.00  -0.38    -0.00  -0.15   0.00    -0.00   0.00  -0.15
                      7                      8                      9
                     B1                     A1                     B1
 Frequencies --    280.5701               378.0731               383.7930
 Red. masses --      2.7402                 6.8128                 2.4706
 Frc consts  --      0.1271                 0.5738                 0.2144
 IR Inten    --      3.7168                 0.0201                12.9647
  Atom  AN      X      Y      Z        X      Y      Z        X      Y      Z
     1   6    -0.04   0.00   0.00    -0.00   0.21  -0.03     0.13   0.00   0.00
     2   6     0.13   0.00  -0.00     0.00   0.26   0.01    -0.02   0.00  -0.00
     3   6    -0.01  -0.00  -0.00     0.00   0.26   0.01    -0.09   0.00  -0.00
     4   6    -0.12  -0.00  -0.00    -0.00   0.21   0.04     0.13  -0.00   0.00
     5   6    -0.12   0.00  -0.00    -0.00  -0.21   0.04     0.13  -0.00  -0.00
     6   6    -0.01   0.00  -0.00     0.00  -0.26   0.01    -0.09  -0.00   0.00
     7   6     0.13  -0.00  -0.00     0.00  -0.26   0.01    -0.02  -0.00   0.00
     8   6    -0.04  -0.00  -0.00    -0.00  -0.21  -0.03     0.13  -0.00  -0.00
     9   6    -0.03   0.00   0.00     0.00   0.00  -0.08    -0.05  -0.00   0.00
    10   6     0.25  -0.00   0.00     0.00  -0.00   0.07     0.00   0.00   0.00
    11   6    -0.12   0.00   0.00     0.00   0.13  -0.01    -0.13   0.00   0.00
    12   6     0.00  -0.00   0.00     0.00   0.13  -0.01    -0.07   0.00   0.00
    13   6    -0.12   0.00   0.00     0.00  -0.13  -0.01    -0.13  -0.00  -0.00
    14   6     0.00   0.00   0.00     0.00  -0.13  -0.01    -0.07  -0.00  -0.00
    15   1    -0.03   0.00   0.00    -0.00   0.22  -0.03     0.37   0.00   0.00
    16   1     0.30   0.00  -0.00     0.00   0.24   0.05    -0.01   0.00  -0.00
    17   1    -0.00  -0.00  -0.00     0.00   0.24  -0.03    -0.20   0.00  -0.00
    18   1    -0.22  -0.00  -0.00    -0.00   0.24   0.04     0.39  -0.00   0.00
    19   1     0.54  -0.00   0.00    -0.00  -0.00   0.07     0.19   0.00  -0.00
    20   1    -0.22   0.00  -0.00    -0.00  -0.24   0.04     0.39  -0.00  -0.00
    21   1    -0.00   0.00  -0.00     0.00  -0.24  -0.03    -0.20  -0.00   0.00
    22   1     0.30  -0.00  -0.00     0.00  -0.24   0.05    -0.01  -0.00   0.00
    23   1    -0.03  -0.00  -0.00    -0.00  -0.22  -0.03     0.37   0.00  -0.00
    24   1     0.22   0.00   0.29     0.01   0.00  -0.07     0.16  -0.00   0.25
    25   1     0.22  -0.00  -0.29    -0.01   0.00  -0.07     0.16   0.00  -0.25
                     10                     11                     12
                     B2                     A2                     A2
 Frequencies --    387.0387               417.0279               473.3357
 Red. masses --      4.4228                 2.8893                 2.9456
 Frc consts  --      0.3903                 0.2961                 0.3888
 IR Inten    --    105.7593                 0.0000                 0.0000
  Atom  AN      X      Y      Z        X      Y      Z        X      Y      Z
     1   6    -0.00   0.13   0.11    -0.11  -0.00  -0.00    -0.09   0.00   0.00
     2   6     0.00   0.05  -0.05     0.02   0.00   0.00     0.18   0.00  -0.00
     3   6     0.00  -0.08  -0.06     0.07   0.00   0.00    -0.15   0.00  -0.00
     4   6    -0.00  -0.12   0.09    -0.13   0.00  -0.00     0.07   0.00   0.00
     5   6    -0.00  -0.12  -0.09     0.13   0.00   0.00    -0.07   0.00  -0.00
     6   6     0.00  -0.08   0.06    -0.07   0.00  -0.00     0.15   0.00   0.00
     7   6     0.00   0.05   0.05    -0.02  -0.00  -0.00    -0.18   0.00   0.00
     8   6    -0.00   0.13  -0.11     0.11  -0.00   0.00     0.09   0.00   0.00
     9   6     0.00  -0.04  -0.00    -0.00   0.00   0.00     0.00  -0.00  -0.00
    10   6    -0.00   0.06  -0.00     0.00  -0.00   0.00    -0.00   0.00  -0.00
    11   6     0.00   0.06   0.21     0.17  -0.00  -0.00    -0.07  -0.00   0.00
    12   6     0.00  -0.04   0.19     0.15   0.00  -0.00     0.12  -0.00   0.00
    13   6     0.00   0.06  -0.21    -0.17  -0.00   0.00     0.07  -0.00  -0.00
    14   6     0.00  -0.04  -0.19    -0.15  -0.00   0.00    -0.12   0.00  -0.00
    15   1    -0.00   0.27   0.11    -0.38  -0.00  -0.00    -0.29   0.00   0.00
    16   1    -0.00   0.12  -0.17    -0.01  -0.00   0.00     0.31   0.00  -0.00
    17   1     0.00  -0.14  -0.15     0.11   0.00   0.00    -0.47  -0.00  -0.00
    18   1    -0.00  -0.26   0.09    -0.48   0.00  -0.00     0.12  -0.00   0.00
    19   1    -0.00   0.31  -0.00     0.00  -0.00   0.00    -0.00   0.00  -0.00
    20   1    -0.00  -0.26  -0.09     0.48   0.00   0.00    -0.12  -0.00  -0.00
    21   1     0.00  -0.14   0.15    -0.11   0.00  -0.00     0.47   0.00   0.00
    22   1     0.00   0.12   0.17     0.01  -0.00  -0.00    -0.31   0.00   0.00
    23   1    -0.00   0.27  -0.11     0.38  -0.00   0.00     0.29   0.00   0.00
    24   1    -0.00  -0.24  -0.00     0.00   0.15   0.00    -0.00  -0.06  -0.00
    25   1     0.00  -0.24  -0.00     0.00  -0.15  -0.00    -0.00   0.06   0.00
                     13                     14                     15
                     B1                     B2                     B1
 Frequencies --    499.8230               556.3569               571.6381
 Red. masses --      2.3037                 6.7106                 2.2117
 Frc consts  --      0.3391                 1.2238                 0.4258
 IR Inten    --      8.3321               331.2709                 0.1421
  Atom  AN      X      Y      Z        X      Y      Z        X      Y      Z
     1   6     0.07   0.00  -0.00     0.00   0.05   0.19    -0.07   0.00  -0.00
     2   6    -0.12   0.00  -0.00    -0.00  -0.08   0.13     0.09   0.00   0.00
     3   6     0.10   0.00  -0.00     0.00  -0.25   0.07    -0.07  -0.00   0.00
     4   6    -0.06  -0.00   0.00    -0.00  -0.07  -0.15     0.04  -0.00   0.00
     5   6    -0.06   0.00   0.00    -0.00  -0.07   0.15     0.04  -0.00   0.00
     6   6     0.10  -0.00  -0.00     0.00  -0.25  -0.07    -0.07  -0.00  -0.00
     7   6    -0.12  -0.00  -0.00    -0.00  -0.08  -0.13     0.09  -0.00  -0.00
     8   6     0.07  -0.00  -0.00     0.00   0.05  -0.19    -0.07   0.00  -0.00
     9   6     0.04  -0.00   0.00    -0.00   0.29   0.00     0.17   0.00   0.00
    10   6     0.11  -0.00  -0.00    -0.00  -0.03  -0.00     0.03  -0.00  -0.00
    11   6     0.02  -0.00   0.00    -0.00   0.22  -0.03     0.04   0.00   0.00
    12   6    -0.13  -0.00   0.00     0.00   0.00  -0.10    -0.14  -0.00  -0.00
    13   6     0.02   0.00   0.00    -0.00   0.22   0.03     0.04   0.00   0.00
    14   6    -0.13   0.00  -0.00     0.00   0.00   0.10    -0.14   0.00   0.00
    15   1     0.27   0.00  -0.00     0.00  -0.09   0.19    -0.24  -0.00   0.00
    16   1    -0.18   0.00  -0.00    -0.00   0.03  -0.08     0.15   0.00  -0.00
    17   1     0.34   0.00  -0.00     0.00  -0.20   0.16    -0.16  -0.00  -0.00
    18   1    -0.03  -0.00   0.00    -0.00   0.06  -0.15     0.37  -0.00   0.00
    19   1     0.58   0.00  -0.00    -0.00  -0.09  -0.00     0.31  -0.00  -0.00
    20   1    -0.03   0.00   0.00    -0.00   0.06   0.15     0.37   0.00   0.00
    21   1     0.34   0.00  -0.00     0.00  -0.20  -0.16    -0.16  -0.00  -0.00
    22   1    -0.18  -0.00   0.00    -0.00   0.03   0.08     0.15  -0.00   0.00
    23   1     0.27  -0.00  -0.00     0.00  -0.09  -0.19    -0.24  -0.00  -0.00
    24   1    -0.12  -0.00  -0.18     0.00   0.31   0.00    -0.15  -0.00  -0.37
    25   1    -0.12   0.00   0.18    -0.00   0.31   0.00    -0.15   0.00   0.37
                     16                     17                     18
                     A1                     A1                     A2
 Frequencies --    611.3980               668.1877               668.7812
 Red. masses --      6.4470                 5.9429                 2.7442
 Frc consts  --      1.4199                 1.5633                 0.7232
 IR Inten    --      0.7769                 0.4783                 0.0000
  Atom  AN      X      Y      Z        X      Y      Z        X      Y      Z
     1   6     0.00  -0.04  -0.22    -0.00  -0.16  -0.03     0.03  -0.00  -0.00
     2   6    -0.00   0.09  -0.03     0.00  -0.20  -0.09    -0.07  -0.00  -0.00
     3   6     0.00   0.12   0.01    -0.00   0.19  -0.10     0.03   0.00  -0.00
     4   6     0.00  -0.00   0.20     0.00   0.17  -0.09    -0.03   0.00  -0.00
     5   6    -0.00   0.00   0.20    -0.00  -0.17  -0.09     0.03  -0.00  -0.00
     6   6     0.00  -0.12   0.01     0.00  -0.19  -0.10    -0.03  -0.00  -0.00
     7   6    -0.00  -0.09  -0.03    -0.00   0.20  -0.09     0.07   0.00  -0.00
     8   6     0.00   0.04  -0.22     0.00   0.16  -0.03    -0.03   0.00  -0.00
     9   6    -0.00  -0.00   0.33     0.00  -0.00   0.15    -0.00   0.00   0.00
    10   6    -0.00   0.00  -0.28    -0.00   0.00   0.21    -0.00   0.00   0.00
    11   6     0.00  -0.16   0.02     0.00  -0.10   0.05    -0.17  -0.00   0.00
    12   6     0.00  -0.13  -0.02    -0.00   0.13   0.05     0.20   0.00   0.00
    13   6    -0.00   0.16   0.02    -0.00   0.10   0.05     0.17   0.00   0.00
    14   6     0.00   0.13  -0.02     0.00  -0.13   0.05    -0.20  -0.00   0.00
    15   1    -0.00  -0.02  -0.22    -0.00  -0.04  -0.03     0.41  -0.00  -0.00
    16   1    -0.00  -0.02   0.15    -0.00  -0.31   0.09     0.12  -0.00   0.00
    17   1    -0.00   0.04  -0.13    -0.00   0.32   0.11     0.19   0.00   0.00
    18   1    -0.00  -0.00   0.20     0.00   0.05  -0.09    -0.33   0.00  -0.00
    19   1    -0.00   0.00  -0.28     0.00  -0.00   0.21     0.00   0.00   0.00
    20   1    -0.00   0.00   0.20    -0.00  -0.05  -0.09     0.33  -0.00  -0.00
    21   1     0.00  -0.04  -0.13     0.00  -0.32   0.11    -0.19  -0.00   0.00
    22   1    -0.00   0.02   0.15     0.00   0.31   0.09    -0.12   0.00   0.00
    23   1     0.00   0.02  -0.22     0.00   0.04  -0.03    -0.41   0.00  -0.00
    24   1    -0.03  -0.00   0.29    -0.01   0.00   0.14     0.00  -0.31   0.00
    25   1     0.03  -0.00   0.29     0.01  -0.00   0.14     0.00   0.31  -0.00
                     19                     20                     21
                     B1                     A1                     A2
 Frequencies --    730.1208               756.3349               760.8931
 Red. masses --      1.2106                 5.3459                 1.2391
 Frc consts  --      0.3802                 1.8018                 0.4227
 IR Inten    --     19.1511                 0.6442                 0.0000
  Atom  AN      X      Y      Z        X      Y      Z        X      Y      Z
     1   6     0.02   0.00   0.00    -0.00   0.08   0.17    -0.05   0.00   0.00
     2   6     0.03   0.00   0.00    -0.00   0.00   0.03    -0.03   0.00   0.00
     3   6     0.03  -0.00   0.00    -0.00  -0.03   0.00    -0.06  -0.00   0.00
     4   6     0.03   0.00  -0.00    -0.00   0.06  -0.20    -0.02  -0.00  -0.00
     5   6     0.03  -0.00  -0.00    -0.00  -0.06  -0.20     0.02   0.00  -0.00
     6   6     0.03   0.00   0.00    -0.00   0.03   0.00     0.06   0.00   0.00
     7   6     0.03  -0.00   0.00    -0.00  -0.00   0.03     0.03  -0.00   0.00
     8   6     0.02  -0.00   0.00    -0.00  -0.08   0.17     0.05  -0.00   0.00
     9   6    -0.03  -0.00   0.00     0.00  -0.00   0.33     0.00  -0.00   0.00
    10   6    -0.10   0.00  -0.00    -0.00  -0.00  -0.27    -0.00   0.00  -0.00
    11   6     0.02   0.00   0.00    -0.00   0.04   0.08     0.05   0.00   0.00
    12   6    -0.01   0.00  -0.00     0.00   0.03  -0.13     0.01   0.00  -0.00
    13   6     0.02  -0.00  -0.00     0.00  -0.04   0.08    -0.05  -0.00   0.00
    14   6    -0.01   0.00  -0.00     0.00  -0.03  -0.13    -0.01   0.00  -0.00
    15   1    -0.21   0.00   0.00     0.00   0.14   0.18     0.20   0.00   0.00
    16   1    -0.28   0.00  -0.00     0.00   0.09  -0.12     0.46   0.00  -0.00
    17   1    -0.28  -0.00   0.00     0.00   0.06   0.14     0.39  -0.00   0.00
    18   1    -0.24   0.00  -0.00     0.00   0.18  -0.21     0.28   0.00  -0.00
    19   1     0.66  -0.00  -0.00    -0.00  -0.00  -0.28     0.00  -0.00  -0.00
    20   1    -0.24  -0.00  -0.00     0.00  -0.18  -0.21    -0.28  -0.00  -0.00
    21   1    -0.28   0.00   0.00     0.00  -0.06   0.14    -0.39   0.00   0.00
    22   1    -0.28  -0.00  -0.00     0.00  -0.09  -0.12    -0.46  -0.00  -0.00
    23   1    -0.21  -0.00   0.00     0.00  -0.14   0.18    -0.20  -0.00   0.00
    24   1     0.04   0.00   0.09    -0.02  -0.00   0.30    -0.00   0.08  -0.00
    25   1     0.04  -0.00  -0.09     0.02  -0.00   0.30    -0.00  -0.08   0.00
                     22                     23                     24
                     B1                     B2                     B2
 Frequencies --    781.5735               810.9019               867.2332
 Red. masses --      1.4827                 4.3068                 2.5618
 Frc consts  --      0.5336                 1.6685                 1.1352
 IR Inten    --     87.4993              1352.4550              7393.6105
  Atom  AN      X      Y      Z        X      Y      Z        X      Y      Z
     1   6    -0.05   0.00  -0.00    -0.00  -0.08  -0.16     0.00  -0.02   0.09
     2   6    -0.03   0.00   0.00    -0.00  -0.06  -0.02    -0.00  -0.12  -0.05
     3   6    -0.04  -0.00   0.00    -0.00  -0.06   0.01    -0.00   0.10  -0.04
     4   6     0.01  -0.00   0.00     0.00  -0.02   0.22    -0.00  -0.07  -0.05
     5   6     0.01   0.00   0.00     0.00  -0.02  -0.22    -0.00  -0.07   0.05
     6   6    -0.04   0.00   0.00    -0.00  -0.06  -0.01    -0.00   0.10   0.04
     7   6    -0.03  -0.00   0.00    -0.00  -0.06   0.02    -0.00  -0.12   0.05
     8   6    -0.05   0.00  -0.00    -0.00  -0.08   0.16     0.00  -0.02  -0.09
     9   6     0.02  -0.00  -0.00    -0.00   0.26   0.00    -0.00   0.06   0.00
    10   6    -0.14  -0.00   0.00    -0.00   0.11  -0.00     0.00   0.04   0.00
    11   6     0.01  -0.00  -0.00     0.00   0.08  -0.06     0.00  -0.08  -0.02
    12   6     0.07  -0.00   0.00     0.00  -0.04   0.09    -0.00   0.10   0.09
    13   6     0.01  -0.00  -0.00     0.00   0.08   0.06     0.00  -0.08   0.02
    14   6     0.07   0.00   0.00     0.00  -0.04  -0.09    -0.00   0.10  -0.09
    15   1     0.29  -0.00  -0.00     0.00  -0.18  -0.17    -0.00   0.05   0.10
    16   1     0.41   0.00   0.00     0.00  -0.13   0.08     0.00  -0.14  -0.03
    17   1     0.23  -0.00  -0.00     0.00  -0.14  -0.10     0.00   0.19   0.10
    18   1    -0.02  -0.00   0.00    -0.00  -0.07   0.23     0.00  -0.29  -0.06
    19   1     0.59  -0.00   0.00     0.00   0.35  -0.00     0.00   0.17   0.00
    20   1    -0.02   0.00   0.00    -0.00  -0.07  -0.23     0.00  -0.29   0.06
    21   1     0.23   0.00  -0.00     0.00  -0.14   0.10     0.00   0.19  -0.10
    22   1     0.41   0.00   0.00     0.00  -0.13  -0.08     0.00  -0.14   0.03
    23   1     0.29   0.00  -0.00     0.00  -0.18   0.17    -0.00   0.05  -0.10
    24   1    -0.02  -0.00  -0.05    -0.00   0.35   0.00    -0.00   0.50   0.00
    25   1    -0.02   0.00   0.05     0.00   0.35   0.00     0.00   0.50   0.00
                     25                     26                     27
                     B1                     A1                     A2
 Frequencies --    870.9921               895.8976               903.0386
 Red. masses --      1.9278                 5.5960                 1.4656
 Frc consts  --      0.8617                 2.6463                 0.7042
 IR Inten    --     15.3575                 2.0172                 0.0000
  Atom  AN      X      Y      Z        X      Y      Z        X      Y      Z
     1   6    -0.02  -0.00   0.00    -0.00  -0.01  -0.21     0.09  -0.00  -0.00
     2   6     0.00  -0.00  -0.00    -0.00   0.13   0.11     0.02   0.00   0.00
     3   6     0.06   0.00  -0.00     0.00  -0.13   0.11    -0.02  -0.00   0.00
     4   6     0.03  -0.00  -0.00     0.00  -0.01  -0.17    -0.09   0.00  -0.00
     5   6     0.03  -0.00   0.00    -0.00   0.01  -0.17     0.09   0.00  -0.00
     6   6     0.06   0.00   0.00    -0.00   0.13   0.11     0.02   0.00   0.00
     7   6     0.00  -0.00   0.00     0.00  -0.13   0.11    -0.02  -0.00   0.00
     8   6    -0.02  -0.00  -0.00     0.00   0.01  -0.21    -0.09   0.00  -0.00
     9   6     0.17   0.00   0.00    -0.00  -0.00   0.21     0.00   0.00   0.00
    10   6     0.00   0.00   0.00     0.00   0.00   0.29    -0.00  -0.00   0.00
    11   6    -0.14  -0.00  -0.00     0.00  -0.02  -0.07    -0.04   0.00  -0.00
    12   6     0.05   0.00   0.00    -0.00   0.04  -0.03     0.05  -0.00  -0.00
    13   6    -0.14  -0.00   0.00     0.00   0.02  -0.07     0.04   0.00  -0.00
    14   6     0.05   0.00  -0.00     0.00  -0.04  -0.03    -0.05  -0.00  -0.00
    15   1     0.30   0.00   0.00     0.00  -0.23  -0.22    -0.42  -0.00  -0.00
    16   1    -0.11  -0.00  -0.00     0.00   0.11   0.15    -0.21   0.00   0.00
    17   1    -0.31   0.00   0.00    -0.00  -0.14   0.10     0.27  -0.00   0.00
    18   1    -0.33  -0.00  -0.00    -0.00   0.16  -0.18     0.42   0.00  -0.00
    19   1    -0.15   0.00   0.00    -0.00   0.00   0.30    -0.00  -0.00   0.00
    20   1    -0.33  -0.00   0.00     0.00  -0.16  -0.18    -0.42  -0.00  -0.00
    21   1    -0.31   0.00  -0.00     0.00   0.14   0.10    -0.27   0.00   0.00
    22   1    -0.11  -0.00   0.00    -0.00  -0.11   0.15     0.21  -0.00   0.00
    23   1     0.30   0.00  -0.00    -0.00   0.23  -0.22     0.42   0.00  -0.00
    24   1    -0.13   0.00  -0.35    -0.04  -0.00   0.16    -0.00  -0.09  -0.00
    25   1    -0.13  -0.00   0.35     0.04  -0.00   0.16    -0.00   0.09   0.00
                     28                     29                     30
                     B2                     B1                     A2
 Frequencies --    917.9838               923.9061               989.7927
 Red. masses --      5.1662                 2.0462                 1.4152
 Frc consts  --      2.5650                 1.0291                 0.8169
 IR Inten    --   1290.4996                 0.7628                 0.0000
  Atom  AN      X      Y      Z        X      Y      Z        X      Y      Z
     1   6     0.00   0.02  -0.14     0.09  -0.00   0.00     0.08  -0.00  -0.00
     2   6     0.00   0.12   0.07     0.01  -0.00  -0.00    -0.05   0.00   0.00
     3   6    -0.00  -0.16   0.09    -0.01   0.00  -0.00    -0.05  -0.00   0.00
     4   6    -0.00  -0.10  -0.12    -0.11   0.00   0.00     0.08   0.00  -0.00
     5   6    -0.00  -0.10   0.12    -0.11   0.00  -0.00    -0.08  -0.00  -0.00
     6   6     0.00  -0.16  -0.09    -0.01   0.00   0.00     0.05  -0.00   0.00
     7   6     0.00   0.12  -0.07     0.01  -0.00   0.00     0.05  -0.00   0.00
     8   6    -0.00   0.02   0.14     0.09  -0.00  -0.00    -0.08  -0.00  -0.00
     9   6     0.00  -0.12  -0.00     0.08   0.00  -0.00     0.00  -0.00   0.00
    10   6    -0.00   0.28  -0.00    -0.08  -0.00  -0.00     0.00   0.00   0.00
    11   6    -0.00  -0.12  -0.06    -0.10   0.00   0.00    -0.00  -0.00   0.00
    12   6     0.00   0.16   0.04     0.11  -0.00  -0.00    -0.04  -0.00   0.00
    13   6    -0.00  -0.12   0.06    -0.10   0.00  -0.00     0.00   0.00   0.00
    14   6     0.00   0.16  -0.04     0.11  -0.00   0.00     0.04   0.00   0.00
    15   1    -0.00  -0.11  -0.14    -0.33   0.00   0.00    -0.44  -0.00  -0.00
    16   1    -0.00   0.16   0.01    -0.25  -0.00   0.00     0.30  -0.00   0.00
    17   1     0.00  -0.20   0.02     0.22   0.00  -0.00     0.20  -0.00   0.00
    18   1     0.00  -0.15  -0.12     0.43  -0.00   0.00    -0.37   0.00  -0.00
    19   1     0.00   0.57  -0.00     0.21  -0.00  -0.00    -0.00   0.00   0.00
    20   1     0.00  -0.15   0.12     0.43   0.00  -0.00     0.37   0.00  -0.00
    21   1    -0.00  -0.20  -0.02     0.22   0.00  -0.00    -0.20  -0.00   0.00
    22   1    -0.00   0.16  -0.01    -0.25  -0.00  -0.00    -0.30   0.00   0.00
    23   1     0.00  -0.11   0.14    -0.33   0.00  -0.00     0.44   0.00  -0.00
    24   1     0.00   0.11  -0.00    -0.05   0.00  -0.14     0.00  -0.13   0.00
    25   1    -0.00   0.11  -0.00    -0.05  -0.00   0.14     0.00   0.13  -0.00
                     31                     32                     33
                     B1                     A2                     B1
 Frequencies --    999.0788              1020.7102              1022.8127
 Red. masses --      1.4770                 1.4795                 1.4647
 Frc consts  --      0.8686                 0.9082                 0.9028
 IR Inten    --      3.3216                 0.0000                 0.9610
  Atom  AN      X      Y      Z        X      Y      Z        X      Y      Z
     1   6    -0.09  -0.00  -0.00     0.04   0.00  -0.00    -0.02   0.00  -0.00
     2   6     0.07  -0.00   0.00    -0.09  -0.00   0.00     0.08  -0.00  -0.00
     3   6     0.03  -0.00   0.00     0.10  -0.00   0.00    -0.10  -0.00   0.00
     4   6    -0.07   0.00  -0.00    -0.05  -0.00  -0.00     0.06   0.00   0.00
     5   6    -0.07   0.00  -0.00     0.05  -0.00  -0.00     0.06   0.00  -0.00
     6   6     0.03   0.00   0.00    -0.10   0.00   0.00    -0.10   0.00   0.00
     7   6     0.07  -0.00   0.00     0.09  -0.00  -0.00     0.08   0.00  -0.00
     8   6    -0.09   0.00  -0.00    -0.04   0.00   0.00    -0.02   0.00  -0.00
     9   6    -0.04   0.00  -0.00     0.00   0.00  -0.00     0.01  -0.00  -0.00
    10   6    -0.01  -0.00  -0.00     0.00  -0.00   0.00     0.01   0.00  -0.00
    11   6     0.04   0.00   0.00    -0.01  -0.00   0.00    -0.01  -0.00   0.00
    12   6     0.02  -0.00  -0.00     0.01   0.00  -0.00    -0.01   0.00  -0.00
    13   6     0.04   0.00   0.00     0.01  -0.00   0.00    -0.01  -0.00   0.00
    14   6     0.02  -0.00  -0.00    -0.01  -0.00  -0.00    -0.01  -0.00   0.00
    15   1     0.46   0.00  -0.00    -0.16   0.00  -0.00     0.09   0.00  -0.00
    16   1    -0.34  -0.00   0.00     0.44  -0.00   0.00    -0.40   0.00  -0.00
    17   1    -0.15  -0.00   0.00    -0.46   0.00   0.00     0.50  -0.00   0.00
    18   1     0.34   0.00  -0.00     0.22  -0.00  -0.00    -0.26   0.00   0.00
    19   1     0.05  -0.00  -0.00    -0.00  -0.00   0.00    -0.04  -0.00  -0.00
    20   1     0.34  -0.00  -0.00    -0.22  -0.00  -0.00    -0.26  -0.00  -0.00
    21   1    -0.15  -0.00   0.00     0.46   0.00  -0.00     0.50  -0.00   0.00
    22   1    -0.34  -0.00   0.00    -0.44  -0.00  -0.00    -0.40   0.00   0.00
    23   1     0.46  -0.00  -0.00     0.16   0.00   0.00     0.09  -0.00  -0.00
    24   1     0.02   0.00   0.07    -0.00   0.04  -0.00    -0.01  -0.00  -0.03
    25   1     0.02  -0.00  -0.07    -0.00  -0.04   0.00    -0.01   0.00   0.03
                     34                     35                     36
                     A1                     B2                     B2
 Frequencies --   1069.9782              1086.8694              1105.5812
 Red. masses --      2.3825                 2.0023                 1.9685
 Frc consts  --      1.6070                 1.3936                 1.4176
 IR Inten    --      1.7630               575.9071                14.1489
  Atom  AN      X      Y      Z        X      Y      Z        X      Y      Z
     1   6     0.00   0.06  -0.06    -0.00   0.06  -0.02    -0.00  -0.04   0.12
     2   6    -0.00  -0.10  -0.10    -0.00  -0.07  -0.10     0.00   0.06  -0.03
     3   6     0.00  -0.11   0.09     0.00  -0.08   0.09     0.00  -0.02  -0.05
     4   6     0.00   0.08   0.08    -0.00   0.04   0.06    -0.00   0.03   0.08
     5   6    -0.00  -0.08   0.08     0.00   0.04  -0.06    -0.00   0.03  -0.08
     6   6     0.00   0.11   0.09    -0.00  -0.08  -0.09    -0.00  -0.02   0.05
     7   6    -0.00   0.10  -0.10    -0.00  -0.07   0.10     0.00   0.06   0.03
     8   6    -0.00  -0.06  -0.06     0.00   0.06   0.02     0.00  -0.04  -0.12
     9   6     0.00  -0.00   0.01     0.00  -0.04   0.00     0.00  -0.05   0.00
    10   6    -0.00   0.00   0.00    -0.00  -0.02  -0.00    -0.00   0.05   0.00
    11   6    -0.00   0.02  -0.00     0.00  -0.04  -0.01     0.00  -0.04  -0.07
    12   6     0.00   0.04  -0.01     0.00   0.05  -0.01     0.00   0.02  -0.04
    13   6     0.00  -0.02  -0.00    -0.00  -0.04   0.01    -0.00  -0.04   0.07
    14   6    -0.00  -0.04  -0.01     0.00   0.05   0.01     0.00   0.02   0.04
    15   1    -0.00   0.35  -0.07     0.00   0.39  -0.02     0.00  -0.29   0.13
    16   1     0.00  -0.01  -0.28     0.00   0.06  -0.35     0.00   0.24  -0.33
    17   1     0.00  -0.06   0.21    -0.00   0.00   0.24    -0.00  -0.19  -0.33
    18   1    -0.00   0.42   0.09     0.00   0.29   0.07     0.00   0.09   0.08
    19   1     0.00   0.00   0.00     0.00  -0.16  -0.00     0.00   0.01   0.00
    20   1     0.00  -0.42   0.09    -0.00   0.29  -0.07    -0.00   0.09  -0.08
    21   1    -0.00   0.06   0.21     0.00   0.00  -0.24     0.00  -0.19   0.33
    22   1     0.00   0.01  -0.28     0.00   0.06   0.35    -0.00   0.24   0.33
    23   1     0.00  -0.35  -0.07    -0.00   0.39   0.02    -0.00  -0.29  -0.13
    24   1     0.01   0.00   0.02    -0.00   0.13   0.00    -0.00   0.17   0.00
    25   1    -0.01   0.00   0.02     0.00   0.13   0.00     0.00   0.17   0.00
                     37                     38                     39
                     A1                     A2                     B2
 Frequencies --   1142.8079              1147.0447              1179.8564
 Red. masses --      1.6015                 1.1417                 1.2107
 Frc consts  --      1.2323                 0.8850                 0.9930
 IR Inten    --      0.1980                 0.0000                 8.0872
  Atom  AN      X      Y      Z        X      Y      Z        X      Y      Z
     1   6    -0.00   0.06  -0.08     0.02   0.00  -0.00     0.00   0.03   0.01
     2   6     0.00  -0.04   0.03    -0.01  -0.00   0.00    -0.00  -0.02   0.04
     3   6     0.00   0.02   0.04    -0.01   0.00   0.00    -0.00  -0.02  -0.04
     4   6    -0.00  -0.04  -0.06     0.01  -0.00  -0.00     0.00   0.02   0.01
     5   6     0.00   0.04  -0.06    -0.01   0.00  -0.00     0.00   0.02  -0.01
     6   6    -0.00  -0.02   0.04     0.01  -0.00   0.00     0.00  -0.02   0.04
     7   6    -0.00   0.04   0.03     0.01   0.00   0.00    -0.00  -0.02  -0.04
     8   6     0.00  -0.06  -0.08    -0.02  -0.00  -0.00    -0.00   0.03  -0.01
     9   6     0.00  -0.00  -0.05    -0.00   0.00  -0.00     0.00  -0.01  -0.00
    10   6    -0.00   0.00  -0.06    -0.00  -0.00  -0.00     0.00   0.02   0.00
    11   6     0.00   0.02   0.05    -0.07   0.00   0.00    -0.00  -0.04   0.01
    12   6    -0.00  -0.01   0.04     0.02  -0.00   0.00     0.00  -0.01  -0.03
    13   6    -0.00  -0.02   0.05     0.07  -0.00   0.00     0.00  -0.04  -0.01
    14   6     0.00   0.01   0.04    -0.02   0.00   0.00    -0.00  -0.01   0.03
    15   1     0.00   0.36  -0.08    -0.05   0.00  -0.00    -0.00   0.33   0.01
    16   1     0.00  -0.21   0.32    -0.00  -0.00   0.00     0.00  -0.18   0.33
    17   1    -0.00   0.18   0.30     0.07   0.00   0.00     0.00  -0.19  -0.33
    18   1     0.00  -0.23  -0.07    -0.07  -0.00  -0.00    -0.00   0.20   0.01
    19   1     0.00  -0.00  -0.06     0.00   0.00  -0.00    -0.00   0.02   0.00
    20   1    -0.00   0.23  -0.07     0.07   0.00  -0.00     0.00   0.20  -0.01
    21   1     0.00  -0.18   0.30    -0.07  -0.00   0.00    -0.00  -0.19   0.33
    22   1     0.00   0.21   0.32     0.00   0.00   0.00     0.00  -0.18  -0.33
    23   1    -0.00  -0.36  -0.08     0.05  -0.00  -0.00     0.00   0.33  -0.01
    24   1     0.03  -0.00  -0.02     0.00   0.69   0.00     0.00   0.22  -0.00
    25   1    -0.03   0.00  -0.02     0.00  -0.69  -0.00    -0.00   0.22  -0.00
                     40                     41                     42
                     A1                     B2                     A1
 Frequencies --   1193.2063              1203.0845              1233.6207
 Red. masses --      1.1274                 1.5950                 4.4877
 Frc consts  --      0.9457                 1.3602                 4.0238
 IR Inten    --      3.9707                 0.0073                 3.1981
  Atom  AN      X      Y      Z        X      Y      Z        X      Y      Z
     1   6    -0.00  -0.02  -0.01    -0.00  -0.00   0.01    -0.00   0.05   0.00
     2   6     0.00   0.02  -0.04     0.00   0.02  -0.00     0.00  -0.11  -0.01
     3   6     0.00   0.02   0.04     0.00   0.01  -0.01     0.00   0.03  -0.01
     4   6    -0.00  -0.02  -0.00    -0.00   0.04  -0.06    -0.00  -0.06   0.10
     5   6    -0.00   0.02  -0.00    -0.00   0.04   0.06    -0.00   0.06   0.10
     6   6    -0.00  -0.02   0.04    -0.00   0.01   0.01    -0.00  -0.03  -0.01
     7   6     0.00  -0.02  -0.04     0.00   0.02   0.00     0.00   0.11  -0.01
     8   6     0.00   0.02  -0.01     0.00  -0.00  -0.01    -0.00  -0.05   0.00
     9   6    -0.00  -0.00  -0.00     0.00   0.02   0.00    -0.00   0.00   0.21
    10   6    -0.00   0.00  -0.01    -0.00  -0.01  -0.00     0.00  -0.00   0.05
    11   6     0.00   0.00   0.00     0.00  -0.03   0.01     0.00   0.27  -0.16
    12   6     0.00   0.01   0.01    -0.00  -0.13   0.05    -0.00   0.02  -0.08
    13   6    -0.00  -0.00   0.00    -0.00  -0.03  -0.01    -0.00  -0.27  -0.16
    14   6     0.00  -0.01   0.01     0.00  -0.13  -0.05     0.00  -0.02  -0.08
    15   1     0.00  -0.21  -0.01     0.00  -0.04   0.01     0.00  -0.29  -0.01
    16   1    -0.00   0.21  -0.37     0.00   0.09  -0.12    -0.00  -0.25   0.21
    17   1    -0.00   0.23   0.39    -0.00   0.11   0.16    -0.00   0.05   0.01
    18   1     0.00  -0.25  -0.00     0.00   0.36  -0.07     0.00  -0.35   0.11
    19   1    -0.00  -0.00  -0.01     0.00   0.70  -0.00    -0.00  -0.00   0.05
    20   1     0.00   0.25  -0.00    -0.00   0.36   0.07     0.00   0.35   0.11
    21   1     0.00  -0.23   0.39     0.00   0.11  -0.16     0.00  -0.05   0.01
    22   1    -0.00  -0.21  -0.37    -0.00   0.09   0.12    -0.00   0.25   0.21
    23   1    -0.00   0.21  -0.01    -0.00  -0.04  -0.01     0.00   0.29  -0.01
    24   1    -0.00  -0.00  -0.01    -0.00   0.18  -0.00    -0.10   0.00   0.07
    25   1     0.00  -0.00  -0.01     0.00   0.18  -0.00     0.10   0.00   0.07
                     43                     44                     45
                     B2                     A1                     A1
 Frequencies --   1261.6265              1278.6384              1314.1006
 Red. masses --      1.9382                 3.5504                 1.6274
 Frc consts  --      1.8176                 3.4199                 1.6558
 IR Inten    --    254.6355                 0.1327                 0.5715
  Atom  AN      X      Y      Z        X      Y      Z        X      Y      Z
     1   6     0.00   0.05   0.04    -0.00  -0.05  -0.08     0.00  -0.02  -0.03
     2   6    -0.00  -0.05  -0.00    -0.00   0.01  -0.01    -0.00   0.01  -0.05
     3   6     0.00   0.03  -0.00     0.00  -0.08   0.03     0.00   0.02   0.00
     4   6    -0.00  -0.05   0.05     0.00   0.04   0.01     0.00  -0.04  -0.02
     5   6     0.00  -0.05  -0.05     0.00  -0.04   0.01     0.00   0.04  -0.02
     6   6     0.00   0.03   0.00     0.00   0.08   0.03     0.00  -0.02   0.00
     7   6    -0.00  -0.05   0.00    -0.00  -0.01  -0.01    -0.00  -0.01  -0.05
     8   6     0.00   0.05  -0.04     0.00   0.05  -0.08     0.00   0.02  -0.03
     9   6     0.00  -0.05   0.00     0.00   0.00  -0.03     0.00  -0.00  -0.06
    10   6     0.00   0.06   0.00    -0.00   0.00  -0.19    -0.00   0.00  -0.01
    11   6    -0.00   0.03  -0.13     0.00   0.06   0.09    -0.00   0.09   0.09
    12   6    -0.00  -0.03  -0.10     0.00   0.25   0.09     0.00  -0.06   0.02
    13   6     0.00   0.03   0.13    -0.00  -0.06   0.09    -0.00  -0.09   0.09
    14   6    -0.00  -0.03   0.10     0.00  -0.25   0.09     0.00   0.06   0.02
    15   1    -0.00   0.23   0.04     0.00  -0.33  -0.08    -0.00  -0.38  -0.03
    16   1     0.00  -0.08   0.04     0.00  -0.03   0.07     0.00  -0.09   0.12
    17   1    -0.00   0.07   0.07    -0.00  -0.26  -0.27    -0.00   0.08   0.09
    18   1    -0.00  -0.19   0.05    -0.00  -0.29   0.01    -0.00   0.47  -0.02
    19   1    -0.00   0.69   0.00     0.00  -0.00  -0.21     0.00   0.00  -0.01
    20   1    -0.00  -0.19  -0.05    -0.00   0.29   0.01    -0.00  -0.47  -0.02
    21   1     0.00   0.07  -0.07    -0.00   0.26  -0.27    -0.00  -0.08   0.09
    22   1     0.00  -0.08  -0.04     0.00   0.03   0.07     0.00   0.09   0.12
    23   1    -0.00   0.23  -0.04    -0.00   0.33  -0.08    -0.00   0.38  -0.03
    24   1    -0.00  -0.33   0.00     0.07  -0.00   0.06     0.18  -0.00   0.18
    25   1     0.00  -0.33   0.00    -0.07  -0.00   0.06    -0.18  -0.00   0.18
                     46                     47                     48
                     B2                     A1                     B2
 Frequencies --   1338.5521              1339.2553              1349.5978
 Red. masses --      3.0768                 2.1180                 2.6361
 Frc consts  --      3.2480                 2.2382                 2.8290
 IR Inten    --   1099.9422                56.6474              1045.1083
  Atom  AN      X      Y      Z        X      Y      Z        X      Y      Z
     1   6     0.00   0.08   0.01    -0.00   0.09  -0.02     0.00  -0.08   0.01
     2   6     0.00  -0.06  -0.01     0.00  -0.04   0.05     0.00   0.02  -0.12
     3   6    -0.00  -0.02  -0.01    -0.00  -0.04  -0.08     0.00   0.07   0.09
     4   6    -0.00   0.02  -0.03    -0.00   0.07  -0.02    -0.00  -0.15  -0.01
     5   6    -0.00   0.02   0.03    -0.00  -0.07  -0.02     0.00  -0.15   0.01
     6   6    -0.00  -0.02   0.01    -0.00   0.04  -0.08    -0.00   0.07  -0.09
     7   6     0.00  -0.06   0.01     0.00   0.04   0.05    -0.00   0.02   0.12
     8   6     0.00   0.08  -0.01    -0.00  -0.09  -0.02     0.00  -0.08  -0.01
     9   6     0.00  -0.08   0.00    -0.00   0.00   0.05    -0.00   0.06   0.00
    10   6     0.00  -0.16  -0.00     0.00   0.00  -0.06    -0.00  -0.01  -0.00
    11   6     0.00   0.05  -0.15     0.00  -0.01  -0.03    -0.00   0.03   0.08
    12   6    -0.00   0.09   0.18     0.00  -0.04   0.14     0.00   0.07  -0.07
    13   6    -0.00   0.05   0.15     0.00   0.01  -0.03     0.00   0.03  -0.08
    14   6     0.00   0.09  -0.18    -0.00   0.04   0.14    -0.00   0.07   0.07
    15   1     0.00  -0.31   0.00    -0.00  -0.35  -0.03    -0.00  -0.10   0.01
    16   1     0.00  -0.16   0.15    -0.00  -0.00  -0.01    -0.00  -0.12   0.11
    17   1    -0.00  -0.14  -0.20     0.00   0.09   0.13    -0.00  -0.11  -0.21
    18   1     0.00   0.35  -0.02     0.00   0.16  -0.02     0.00   0.51  -0.01
    19   1     0.00   0.15  -0.00    -0.00  -0.00  -0.06    -0.00   0.32  -0.00
    20   1    -0.00   0.35   0.02     0.00  -0.16  -0.02    -0.00   0.51   0.01
    21   1     0.00  -0.14   0.20     0.00  -0.09   0.13     0.00  -0.11   0.21
    22   1    -0.00  -0.16  -0.15    -0.00   0.00  -0.01     0.00  -0.12  -0.11
    23   1    -0.00  -0.31  -0.00     0.00   0.35  -0.03    -0.00  -0.10  -0.01
    24   1    -0.00  -0.26  -0.00    -0.34   0.00  -0.40    -0.00  -0.16  -0.00
    25   1     0.00  -0.26  -0.00     0.34   0.00  -0.40     0.00  -0.16  -0.00
                     49                     50                     51
                     A1                     B2                     B2
 Frequencies --   1365.1899              1393.0732              1434.9371
 Red. masses --      1.5297                 1.9276                 2.1164
 Frc consts  --      1.6798                 2.2040                 2.5675
 IR Inten    --      3.6095               257.5721               810.1488
  Atom  AN      X      Y      Z        X      Y      Z        X      Y      Z
     1   6     0.00   0.06  -0.00     0.00  -0.05   0.00     0.00   0.09   0.03
     2   6    -0.00  -0.03   0.06     0.00  -0.01   0.04    -0.00  -0.01  -0.00
     3   6     0.00  -0.03  -0.05    -0.00   0.02   0.03     0.00  -0.02  -0.08
     4   6     0.00   0.06   0.01    -0.00   0.04  -0.04    -0.00  -0.05   0.03
     5   6     0.00  -0.06   0.01     0.00   0.04   0.04     0.00  -0.05  -0.03
     6   6     0.00   0.03  -0.05    -0.00   0.02  -0.03     0.00  -0.02   0.08
     7   6    -0.00   0.03   0.06     0.00  -0.01  -0.04    -0.00  -0.01   0.00
     8   6     0.00  -0.06  -0.00     0.00  -0.05  -0.00     0.00   0.09  -0.03
     9   6     0.00  -0.00  -0.05    -0.00   0.21  -0.00     0.00   0.14   0.00
    10   6    -0.00  -0.00  -0.01     0.00  -0.04  -0.00     0.00   0.15   0.00
    11   6    -0.00  -0.02  -0.06    -0.00  -0.09  -0.02     0.00  -0.11  -0.02
    12   6    -0.00  -0.03   0.04    -0.00   0.02   0.05    -0.00  -0.02  -0.00
    13   6    -0.00   0.02  -0.06    -0.00  -0.09   0.02    -0.00  -0.11   0.02
    14   6     0.00   0.03   0.04     0.00   0.02  -0.05    -0.00  -0.02   0.00
    15   1     0.00  -0.08  -0.01    -0.00   0.33   0.00     0.00  -0.24   0.03
    16   1     0.00   0.04  -0.07     0.00   0.16  -0.25     0.00  -0.09   0.14
    17   1    -0.00   0.03   0.04     0.00  -0.15  -0.25     0.00   0.18   0.25
    18   1    -0.00  -0.12   0.01     0.00  -0.08  -0.04     0.00   0.32   0.03
    19   1     0.00  -0.00  -0.01     0.00   0.05   0.00    -0.00  -0.42   0.00
    20   1    -0.00   0.12   0.01    -0.00  -0.08   0.04    -0.00   0.32  -0.03
    21   1    -0.00  -0.03   0.04     0.00  -0.15   0.25     0.00   0.18  -0.25
    22   1     0.00  -0.04  -0.07    -0.00   0.16   0.25     0.00  -0.09  -0.14
    23   1    -0.00   0.08  -0.01    -0.00   0.33  -0.00    -0.00  -0.24  -0.03
    24   1     0.42  -0.00   0.52     0.00  -0.41   0.00    -0.00  -0.28  -0.00
    25   1    -0.42  -0.00   0.52    -0.00  -0.41   0.00     0.00  -0.28  -0.00
                     52                     53                     54
                     A1                     B2                     B2
 Frequencies --   1473.5421              1486.2899              1515.7482
 Red. masses --      2.0561                 2.6352                 2.4654
 Frc consts  --      2.6304                 3.4298                 3.3372
 IR Inten    --     68.0955               290.9190                 4.9624
  Atom  AN      X      Y      Z        X      Y      Z        X      Y      Z
     1   6    -0.00   0.02   0.06     0.00  -0.13   0.08     0.00   0.06   0.02
     2   6    -0.00   0.09  -0.09     0.00   0.15  -0.10    -0.00   0.03  -0.08
     3   6     0.00  -0.09  -0.05     0.00  -0.07  -0.01     0.00  -0.08   0.01
     4   6     0.00   0.00   0.05    -0.00   0.02  -0.00    -0.00   0.11   0.03
     5   6     0.00  -0.00   0.05    -0.00   0.02   0.00     0.00   0.11  -0.03
     6   6     0.00   0.09  -0.05    -0.00  -0.07   0.01     0.00  -0.08  -0.01
     7   6    -0.00  -0.09  -0.09     0.00   0.15   0.10    -0.00   0.03   0.08
     8   6     0.00  -0.02   0.06     0.00  -0.13  -0.08    -0.00   0.06  -0.02
     9   6     0.00   0.00   0.00    -0.00   0.01   0.00    -0.00   0.09  -0.00
    10   6    -0.00   0.00   0.02    -0.00  -0.01  -0.00    -0.00  -0.14   0.00
    11   6     0.00  -0.08  -0.03     0.00   0.02  -0.09     0.00  -0.10   0.07
    12   6    -0.00   0.06  -0.04     0.00  -0.00   0.07     0.00   0.05  -0.07
    13   6    -0.00   0.08  -0.03    -0.00   0.02   0.09    -0.00  -0.10  -0.07
    14   6     0.00  -0.06  -0.04     0.00  -0.00  -0.07     0.00   0.05   0.07
    15   1     0.00  -0.13   0.08    -0.00   0.37   0.09     0.00  -0.31   0.03
    16   1     0.00  -0.22   0.46     0.00  -0.12   0.40     0.00  -0.17   0.26
    17   1    -0.00   0.16   0.38    -0.00   0.10   0.29     0.00  -0.06   0.06
    18   1    -0.00  -0.01   0.06     0.00  -0.01  -0.00    -0.00  -0.33   0.03
    19   1     0.00  -0.00   0.02     0.00  -0.13  -0.00     0.00   0.50   0.00
    20   1    -0.00   0.01   0.06    -0.00  -0.01   0.00     0.00  -0.33  -0.03
    21   1     0.00  -0.16   0.38     0.00   0.10  -0.29    -0.00  -0.06  -0.06
    22   1     0.00   0.22   0.46    -0.00  -0.12  -0.40     0.00  -0.17  -0.26
    23   1     0.00   0.13   0.08    -0.00   0.37  -0.09    -0.00  -0.31  -0.03
    24   1     0.02  -0.00   0.03     0.00  -0.04   0.00    -0.00  -0.03  -0.00
    25   1    -0.02  -0.00   0.03    -0.00  -0.04   0.00     0.00  -0.03  -0.00
                     55                     56                     57
                     A1                     B2                     A1
 Frequencies --   1542.1454              1568.6747              1622.0671
 Red. masses --      2.7469                 3.5580                 5.5337
 Frc consts  --      3.8490                 5.1585                 8.5784
 IR Inten    --      0.6151               183.0628                 0.0822
  Atom  AN      X      Y      Z        X      Y      Z        X      Y      Z
     1   6    -0.00   0.10  -0.01     0.00   0.07   0.04     0.00   0.15   0.07
     2   6     0.00  -0.03  -0.06     0.00  -0.02  -0.14    -0.00  -0.04  -0.14
     3   6    -0.00  -0.02   0.08     0.00   0.04   0.18     0.00   0.13   0.21
     4   6    -0.00   0.13  -0.01    -0.00   0.07  -0.08     0.00  -0.13  -0.09
     5   6    -0.00  -0.13  -0.01    -0.00   0.07   0.08     0.00   0.13  -0.09
     6   6    -0.00   0.02   0.08    -0.00   0.04  -0.18     0.00  -0.13   0.21
     7   6     0.00   0.03  -0.06     0.00  -0.02   0.14    -0.00   0.04  -0.14
     8   6    -0.00  -0.10  -0.01     0.00   0.07  -0.04     0.00  -0.15   0.07
     9   6    -0.00  -0.00  -0.05     0.00  -0.01  -0.00     0.00  -0.00   0.02
    10   6     0.00  -0.00   0.06    -0.00   0.19   0.00    -0.00   0.00  -0.04
    11   6    -0.00  -0.03   0.11    -0.00   0.00  -0.04    -0.00  -0.14  -0.16
    12   6    -0.00  -0.10  -0.10     0.00  -0.15   0.04     0.00   0.06   0.13
    13   6     0.00   0.03   0.11    -0.00   0.00   0.04    -0.00   0.14  -0.16
    14   6    -0.00   0.10  -0.10     0.00  -0.15  -0.04     0.00  -0.06   0.13
    15   1    -0.00  -0.36  -0.01    -0.00  -0.19   0.04     0.00  -0.27   0.08
    16   1    -0.00  -0.13   0.08     0.00  -0.18   0.11     0.00  -0.18   0.05
    17   1     0.00  -0.18  -0.17    -0.00  -0.26  -0.29    -0.00  -0.19  -0.30
    18   1     0.00  -0.44  -0.02     0.00  -0.26  -0.10    -0.00   0.16  -0.10
    19   1    -0.00   0.00   0.07     0.00  -0.38   0.00     0.00  -0.00  -0.03
    20   1     0.00   0.44  -0.02    -0.00  -0.26   0.10    -0.00  -0.16  -0.10
    21   1     0.00   0.18  -0.17     0.00  -0.26   0.29    -0.00   0.19  -0.30
    22   1    -0.00   0.13   0.08    -0.00  -0.18  -0.11     0.00   0.18   0.05
    23   1     0.00   0.36  -0.01    -0.00  -0.19  -0.04    -0.00   0.27   0.08
    24   1    -0.05  -0.00  -0.10    -0.00  -0.01   0.00     0.08  -0.00   0.11
    25   1     0.05  -0.00  -0.10     0.00  -0.01   0.00    -0.08  -0.00   0.11
                     58                     59                     60
                     A1                     A1                     B1
 Frequencies --   1649.7931              2965.9285              2968.4464
 Red. masses --      6.5332                 1.0632                 1.0904
 Frc consts  --     10.4770                 5.5104                 5.6612
 IR Inten    --     17.4703                 8.6955                 3.9255
  Atom  AN      X      Y      Z        X      Y      Z        X      Y      Z
     1   6    -0.00   0.20  -0.06    -0.00  -0.00   0.00     0.00  -0.00  -0.00
     2   6    -0.00  -0.13   0.16    -0.00   0.00  -0.00    -0.00  -0.00  -0.00
     3   6     0.00   0.06  -0.10     0.00  -0.00  -0.00    -0.00  -0.00  -0.00
     4   6     0.00  -0.19   0.08     0.00   0.00   0.00    -0.00   0.00  -0.00
     5   6     0.00   0.19   0.08     0.00  -0.00   0.00    -0.00  -0.00   0.00
     6   6    -0.00  -0.06  -0.10     0.00   0.00  -0.00    -0.00   0.00  -0.00
     7   6    -0.00   0.13   0.16    -0.00  -0.00  -0.00    -0.00  -0.00  -0.00
     8   6     0.00  -0.20  -0.06     0.00   0.00   0.00     0.00   0.00  -0.00
     9   6    -0.00  -0.00  -0.05     0.00   0.00   0.07    -0.09  -0.00   0.00
    10   6    -0.00   0.00   0.06    -0.00  -0.00   0.00     0.00   0.00  -0.00
    11   6     0.00  -0.14   0.13    -0.00  -0.00   0.00    -0.00   0.00   0.00
    12   6     0.00   0.18  -0.20     0.00  -0.00  -0.00    -0.00  -0.00  -0.00
    13   6    -0.00   0.14   0.13    -0.00   0.00   0.00    -0.00  -0.00   0.00
    14   6    -0.00  -0.18  -0.20     0.00   0.00  -0.00    -0.00   0.00  -0.00
    15   1    -0.00  -0.30  -0.07     0.00  -0.00   0.00    -0.00  -0.00   0.00
    16   1     0.00   0.08  -0.22     0.00  -0.00  -0.00    -0.00  -0.00  -0.00
    17   1    -0.00   0.15   0.02    -0.00  -0.00   0.00     0.00  -0.00   0.00
    18   1     0.00   0.25   0.09    -0.00  -0.00   0.00     0.00  -0.00   0.00
    19   1     0.00  -0.00   0.06     0.00   0.00  -0.00    -0.00  -0.00   0.00
    20   1    -0.00  -0.25   0.09    -0.00   0.00   0.00     0.00   0.00   0.00
    21   1     0.00  -0.15   0.02    -0.00   0.00   0.00     0.00   0.00   0.00
    22   1    -0.00  -0.08  -0.22     0.00   0.00  -0.00    -0.00   0.00  -0.00
    23   1     0.00   0.30  -0.07     0.00   0.00   0.00    -0.00   0.00   0.00
    24   1     0.00  -0.00  -0.04     0.56  -0.00  -0.42     0.53   0.00  -0.46
    25   1    -0.00  -0.00  -0.04    -0.56  -0.00  -0.42     0.53  -0.00   0.46
                     61                     62                     63
                     B2                     A1                     B2
 Frequencies --   3204.6735              3204.9842              3213.8988
 Red. masses --      1.0904                 1.0909                 1.0908
 Frc consts  --      6.5981                 6.6021                 6.6382
 IR Inten    --     20.7309                 0.2613                 0.0002
  Atom  AN      X      Y      Z        X      Y      Z        X      Y      Z
     1   6    -0.00   0.00  -0.06     0.00   0.00  -0.06     0.00   0.00  -0.01
     2   6    -0.00   0.01   0.01     0.00   0.01   0.01    -0.00  -0.00  -0.00
     3   6     0.00  -0.00   0.00     0.00  -0.00   0.00    -0.00   0.02  -0.01
     4   6     0.00  -0.00  -0.01     0.00   0.00  -0.01     0.00  -0.00   0.06
     5   6    -0.00  -0.00   0.01    -0.00  -0.00  -0.01     0.00  -0.00  -0.06
     6   6     0.00  -0.00  -0.00     0.00   0.00   0.00    -0.00   0.02   0.01
     7   6     0.00   0.01  -0.01    -0.00  -0.01   0.01    -0.00  -0.00   0.00
     8   6    -0.00   0.00   0.06    -0.00  -0.00  -0.06     0.00   0.00   0.01
     9   6    -0.00  -0.00  -0.00     0.00   0.00  -0.00    -0.00   0.00  -0.00
    10   6    -0.00  -0.00   0.00     0.00   0.00   0.00    -0.00   0.00   0.00
    11   6     0.00   0.00   0.00    -0.00   0.00   0.00     0.00   0.00  -0.00
    12   6    -0.00   0.00   0.00     0.00  -0.00   0.00    -0.00   0.00  -0.00
    13   6    -0.00   0.00  -0.00     0.00  -0.00   0.00    -0.00   0.00   0.00
    14   6     0.00   0.00  -0.00     0.00   0.00   0.00    -0.00   0.00   0.00
    15   1    -0.00  -0.00   0.69    -0.00  -0.00   0.69     0.00  -0.00   0.09
    16   1    -0.00  -0.10  -0.06    -0.00  -0.11  -0.07     0.00   0.03   0.02
    17   1     0.00   0.04  -0.03    -0.00   0.04  -0.03     0.00  -0.20   0.12
    18   1     0.00  -0.00   0.07    -0.00  -0.00   0.07    -0.00   0.00  -0.66
    19   1    -0.00   0.00  -0.00    -0.00   0.00  -0.01     0.00  -0.00  -0.00
    20   1     0.00  -0.00  -0.07     0.00   0.00   0.07     0.00   0.00   0.66
    21   1    -0.00   0.04   0.03     0.00  -0.04  -0.03     0.00  -0.20  -0.12
    22   1    -0.00  -0.10   0.06     0.00   0.11  -0.07     0.00   0.03  -0.02
    23   1    -0.00  -0.00  -0.69    -0.00   0.00   0.69     0.00  -0.00  -0.09
    24   1    -0.00  -0.00   0.00    -0.00   0.00   0.00    -0.00  -0.00  -0.00
    25   1     0.00  -0.00   0.00     0.00   0.00   0.00     0.00  -0.00  -0.00
                     64                     65                     66
                     A1                     A1                     B2
 Frequencies --   3214.0171              3228.1440              3230.4049
 Red. masses --      1.0908                 1.0906                 1.0925
 Frc consts  --      6.6386                 6.6960                 6.7169
 IR Inten    --      0.0251                 0.0002                 2.1552
  Atom  AN      X      Y      Z        X      Y      Z        X      Y      Z
     1   6    -0.00  -0.00   0.01     0.00  -0.00   0.00    -0.00  -0.00   0.01
     2   6     0.00   0.00   0.00    -0.00   0.00   0.00     0.00   0.02   0.01
     3   6     0.00  -0.02   0.01    -0.00  -0.00   0.00     0.00  -0.05   0.03
     4   6    -0.00   0.00  -0.06     0.00   0.00  -0.00    -0.00   0.00   0.02
     5   6    -0.00  -0.00  -0.06     0.00  -0.00  -0.00     0.00   0.00  -0.02
     6   6     0.00   0.02   0.01    -0.00   0.00   0.00     0.00  -0.05  -0.03
     7   6     0.00  -0.00   0.00    -0.00  -0.00   0.00    -0.00   0.02  -0.01
     8   6     0.00   0.00   0.01     0.00   0.00   0.00    -0.00  -0.00  -0.01
     9   6     0.00  -0.00  -0.00     0.00   0.00   0.00     0.00   0.00   0.00
    10   6    -0.00  -0.00   0.01     0.00  -0.00  -0.09    -0.00  -0.00   0.00
    11   6    -0.00  -0.00   0.00     0.00   0.00   0.00    -0.00  -0.00  -0.00
    12   6     0.00  -0.00   0.00    -0.00   0.00   0.00     0.00   0.00  -0.00
    13   6     0.00   0.00   0.00     0.00  -0.00   0.00    -0.00  -0.00   0.00
    14   6     0.00   0.00   0.00    -0.00  -0.00   0.00     0.00   0.00   0.00
    15   1     0.00   0.00  -0.09     0.00  -0.00  -0.00    -0.00   0.00  -0.07
    16   1     0.00  -0.03  -0.02     0.00  -0.01  -0.01     0.00  -0.26  -0.15
    17   1    -0.00   0.20  -0.12     0.00   0.05  -0.03     0.00   0.51  -0.30
    18   1     0.00  -0.00   0.65    -0.00  -0.00   0.03    -0.00  -0.00  -0.24
    19   1     0.00   0.00  -0.07    -0.00   0.00   0.99     0.00  -0.00  -0.00
    20   1    -0.00   0.00   0.65     0.00   0.00   0.03     0.00  -0.00   0.24
    21   1     0.00  -0.20  -0.12     0.00  -0.05  -0.03    -0.00   0.50   0.30
    22   1     0.00   0.03  -0.02    -0.00   0.01  -0.01     0.00  -0.26   0.15
    23   1     0.00  -0.00  -0.09     0.00   0.00  -0.00    -0.00   0.00   0.07
    24   1    -0.00   0.00   0.00     0.00   0.00  -0.00     0.00   0.00   0.00
    25   1     0.00   0.00   0.00    -0.00   0.00  -0.00    -0.00   0.00   0.00
                     67                     68                     69
                     A1                     B2                     A1
 Frequencies --   3230.4835              3244.5137              3245.1962
 Red. masses --      1.0923                 1.0970                 1.0975
 Frc consts  --      6.7165                 6.8037                 6.8097
 IR Inten    --      0.2808                32.9853                 0.3424
  Atom  AN      X      Y      Z        X      Y      Z        X      Y      Z
     1   6    -0.00   0.00  -0.01     0.00   0.00  -0.01     0.00   0.00  -0.01
     2   6    -0.00  -0.02  -0.01    -0.00  -0.05  -0.03    -0.00  -0.05  -0.03
     3   6    -0.00   0.05  -0.03    -0.00  -0.02   0.02    -0.00  -0.02   0.02
     4   6     0.00  -0.00  -0.02     0.00   0.00   0.01    -0.00   0.00   0.01
     5   6    -0.00   0.00  -0.02     0.00   0.00  -0.01     0.00  -0.00   0.01
     6   6    -0.00  -0.05  -0.03    -0.00  -0.02  -0.02     0.00   0.02   0.02
     7   6     0.00   0.02  -0.01     0.00  -0.05   0.03    -0.00   0.05  -0.03
     8   6     0.00  -0.00  -0.01     0.00   0.00   0.01     0.00  -0.00  -0.01
     9   6     0.00   0.00  -0.00    -0.00   0.00  -0.00    -0.00  -0.00   0.00
    10   6     0.00  -0.00  -0.01     0.00  -0.00  -0.00     0.00   0.00   0.00
    11   6     0.00   0.00   0.00     0.00  -0.00  -0.00    -0.00   0.00   0.00
    12   6    -0.00  -0.00   0.00    -0.00   0.00  -0.00     0.00   0.00  -0.00
    13   6     0.00  -0.00   0.00     0.00  -0.00   0.00     0.00  -0.00   0.00
    14   6    -0.00   0.00   0.00    -0.00   0.00   0.00    -0.00  -0.00  -0.00
    15   1     0.00  -0.00   0.07     0.00  -0.00   0.09     0.00  -0.00   0.10
    16   1    -0.00   0.25   0.14    -0.00   0.54   0.31     0.00   0.54   0.31
    17   1    -0.00  -0.51   0.30     0.00   0.26  -0.16    -0.00   0.25  -0.15
    18   1     0.00   0.00   0.24    -0.00  -0.00  -0.06    -0.00  -0.00  -0.06
    19   1    -0.00  -0.00   0.06    -0.00  -0.00   0.00    -0.00  -0.00  -0.02
    20   1     0.00  -0.00   0.24     0.00  -0.00   0.06    -0.00   0.00  -0.06
    21   1    -0.00   0.51   0.30    -0.00   0.26   0.16     0.00  -0.25  -0.15
    22   1     0.00  -0.25   0.14    -0.00   0.54  -0.31     0.00  -0.54   0.31
    23   1    -0.00   0.00   0.07     0.00  -0.00  -0.09     0.00   0.00   0.10
    24   1    -0.00   0.00  -0.00    -0.00   0.00   0.00     0.00  -0.00  -0.00
    25   1     0.00   0.00  -0.00     0.00   0.00   0.00    -0.00  -0.00  -0.00
