-4.000000000000000222e-01 -2.000000000000000111e-01 2.035217090077453031e+04
-1.399999999999999911e+00 2.000000000000000111e-01 1.854466384391974716e+05
-1.199999999999999956e+00 4.000000000000000222e-01 1.234681493750039372e+05
-8.000000000000000444e-01 -2.000000000000000111e-01 5.666951590909068182e+04
-1.000000000000000000e+00 5.999999999999999778e-01 7.991386251370099490e+04
-5.999999999999999778e-01 -5.999999999999999778e-01 4.046805544720675971e+04
4.000000000000000222e-01 -4.000000000000000222e-01 1.932936154295358574e+04
1.399999999999999911e+00 4.000000000000000222e-01 2.045393409599367296e+05
1.199999999999999956e+00 2.000000000000000111e-01 1.359256953495834896e+05
1.000000000000000000e+00 0.000000000000000000e+00 8.614631323688110569e+04
8.000000000000000444e-01 -4.000000000000000222e-01 5.130719242929617758e+04
1.399999999999999911e+00 -2.000000000000000111e-01 1.854466384391974716e+05
8.000000000000000444e-01 -5.999999999999999778e-01 5.114977076084427244e+04
1.000000000000000000e+00 2.000000000000000111e-01 8.977821886204762268e+04
1.199999999999999956e+00 0.000000000000000000e+00 1.310712861343828554e+05
1.399999999999999911e+00 5.999999999999999778e-01 2.122138916815331322e+05
-5.999999999999999778e-01 -4.000000000000000222e-01 3.687207298562679352e+04
4.000000000000000222e-01 -5.999999999999999778e-01 2.065238845033434336e+04
-1.000000000000000000e+00 4.000000000000000222e-01 8.121319472378541832e+04
-1.199999999999999956e+00 5.999999999999999778e-01 1.207227282156402071e+05
-1.399999999999999911e+00 0.000000000000000000e+00 1.911873747569300758e+05
5.999999999999999778e-01 -2.000000000000000111e-01 3.144287361993351442e+04
-4.000000000000000222e-01 -4.000000000000000222e-01 2.238651081673268345e+04
5.999999999999999778e-01 -5.999999999999999778e-01 3.198266898441048397e+04
-1.399999999999999911e+00 4.000000000000000222e-01 1.803155277194269293e+05
-1.199999999999999956e+00 2.000000000000000111e-01 1.269211838595897716e+05
-1.000000000000000000e+00 0.000000000000000000e+00 8.614631323688110569e+04
-8.000000000000000444e-01 -4.000000000000000222e-01 6.013227202109802602e+04
4.000000000000000222e-01 -2.000000000000000111e-01 1.885020547414976318e+04
1.399999999999999911e+00 2.000000000000000111e-01 1.975445107561505283e+05
1.199999999999999956e+00 4.000000000000000222e-01 1.415233408123712870e+05
8.000000000000000444e-01 -2.000000000000000111e-01 5.228172703199435637e+04
1.000000000000000000e+00 5.999999999999999778e-01 9.956622306970175123e+04
1.399999999999999911e+00 -5.999999999999999778e-01 1.758146058313030226e+05
1.399999999999999911e+00 -4.000000000000000222e-01 1.803155277194269293e+05
1.000000000000000000e+00 4.000000000000000222e-01 9.422746238294168143e+04
1.199999999999999956e+00 5.999999999999999778e-01 1.479222107846665313e+05
1.399999999999999911e+00 0.000000000000000000e+00 1.911873747569300758e+05
-5.999999999999999778e-01 -2.000000000000000111e-01 3.420069882523209526e+04
-8.000000000000000444e-01 -5.999999999999999778e-01 6.452910171542049648e+04
-1.000000000000000000e+00 2.000000000000000111e-01 8.329309383561469440e+04
-1.199999999999999956e+00 0.000000000000000000e+00 1.310712861343828554e+05
-1.399999999999999911e+00 5.999999999999999778e-01 1.758146058313030226e+05
-4.000000000000000222e-01 -5.999999999999999778e-01 2.532730080287484088e+04
5.999999999999999778e-01 -4.000000000000000222e-01 3.129557587583218992e+04
1.000000000000000000e+00 -5.999999999999999778e-01 7.991386251370099490e+04
0.000000000000000000e+00 -2.000000000000000111e-01 1.260014586487137603e+04
-5.999999999999999778e-01 0.000000000000000000e+00 3.240661885129498114e+04
4.000000000000000222e-01 4.000000000000000222e-01 2.238651081673268345e+04
-4.000000000000000222e-01 2.000000000000000111e-01 1.885020547414976318e+04
5.999999999999999778e-01 5.999999999999999778e-01 4.046805544720675971e+04
1.199999999999999956e+00 -2.000000000000000111e-01 1.269211838595897716e+05
-2.000000000000000111e-01 4.000000000000000222e-01 1.416418617051645924e+04
2.000000000000000111e-01 -5.999999999999999778e-01 1.597567113868381421e+04
0.000000000000000000e+00 0.000000000000000000e+00 1.220485806389573008e+04
2.000000000000000111e-01 2.000000000000000111e-01 1.371416096534973440e+04
2.000000000000000111e-01 0.000000000000000000e+00 1.304860226559537477e+04
0.000000000000000000e+00 2.000000000000000111e-01 1.260014586487137603e+04
2.000000000000000111e-01 -4.000000000000000222e-01 1.416418617051645924e+04
-2.000000000000000111e-01 5.999999999999999778e-01 1.597567113868381421e+04
5.999999999999999778e-01 4.000000000000000222e-01 3.687207298562679352e+04
-4.000000000000000222e-01 0.000000000000000000e+00 1.918714244110789514e+04
4.000000000000000222e-01 5.999999999999999778e-01 2.532730080287484088e+04
-5.999999999999999778e-01 2.000000000000000111e-01 3.144287361993351442e+04
-2.000000000000000111e-01 -2.000000000000000111e-01 1.371416096534973440e+04
1.000000000000000000e+00 -4.000000000000000222e-01 8.121319472378541832e+04
-2.000000000000000111e-01 -5.999999999999999778e-01 1.762303124516816388e+04
0.000000000000000000e+00 -4.000000000000000222e-01 1.377597423064391478e+04
-5.999999999999999778e-01 5.999999999999999778e-01 3.198266898441048397e+04
4.000000000000000222e-01 2.000000000000000111e-01 2.035217090077453031e+04
-4.000000000000000222e-01 4.000000000000000222e-01 1.932936154295358574e+04
1.199999999999999956e+00 -4.000000000000000222e-01 1.234681493750039372e+05
5.999999999999999778e-01 0.000000000000000000e+00 3.240661885129498114e+04
-2.000000000000000111e-01 2.000000000000000111e-01 1.319742009076951399e+04
0.000000000000000000e+00 5.999999999999999778e-01 1.579942074430726825e+04
2.000000000000000111e-01 4.000000000000000222e-01 1.521620671970190233e+04
2.000000000000000111e-01 5.999999999999999778e-01 1.762303124516816388e+04
0.000000000000000000e+00 4.000000000000000222e-01 1.377597423064391478e+04
2.000000000000000111e-01 -2.000000000000000111e-01 1.319742009076951399e+04
-2.000000000000000111e-01 0.000000000000000000e+00 1.304860226559537477e+04
5.999999999999999778e-01 2.000000000000000111e-01 3.420069882523209526e+04
1.199999999999999956e+00 -5.999999999999999778e-01 1.207227282156402071e+05
-4.000000000000000222e-01 5.999999999999999778e-01 2.065238845033434336e+04
4.000000000000000222e-01 0.000000000000000000e+00 1.918714244110789514e+04
-5.999999999999999778e-01 4.000000000000000222e-01 3.129557587583218992e+04
-2.000000000000000111e-01 -4.000000000000000222e-01 1.521620671970190233e+04
0.000000000000000000e+00 -5.999999999999999778e-01 1.579942074430726825e+04
1.000000000000000000e+00 -2.000000000000000111e-01 8.329309383561469440e+04
-8.000000000000000444e-01 5.999999999999999778e-01 5.114977076084427244e+04
8.000000000000000444e-01 0.000000000000000000e+00 5.406461511819340376e+04
-1.399999999999999911e+00 -4.000000000000000222e-01 2.045393409599367296e+05
-1.399999999999999911e+00 -5.999999999999999778e-01 2.122138916815331322e+05
8.000000000000000444e-01 2.000000000000000111e-01 5.666951590909068182e+04
-8.000000000000000444e-01 4.000000000000000222e-01 5.130719242929617758e+04
-8.000000000000000444e-01 0.000000000000000000e+00 5.406461511819340376e+04
8.000000000000000444e-01 5.999999999999999778e-01 6.452910171542049648e+04
-1.399999999999999911e+00 -2.000000000000000111e-01 1.975445107561505283e+05
8.000000000000000444e-01 4.000000000000000222e-01 6.013227202109802602e+04
-8.000000000000000444e-01 2.000000000000000111e-01 5.228172703199435637e+04
-1.000000000000000000e+00 -2.000000000000000111e-01 8.977821886204762268e+04
-1.199999999999999956e+00 -5.999999999999999778e-01 1.479222107846665313e+05
-1.199999999999999956e+00 -4.000000000000000222e-01 1.415233405928990105e+05
-1.000000000000000000e+00 -4.000000000000000222e-01 9.422746238294168143e+04
-1.199999999999999956e+00 -2.000000000000000111e-01 1.359256953495834896e+05
-1.000000000000000000e+00 -5.999999999999999778e-01 9.956622306970175123e+04
