1.000000000000000056e-01 2.000000000000000111e-01 1.364992601732930962e+04
2.999999999999999889e-01 0.000000000000000000e+00 1.985310365728856777e+04
2.999999999999999889e-01 1.000000000000000056e-01 1.970262814047551728e+04
1.000000000000000056e-01 2.999999999999999889e-01 1.564674653092388508e+04
5.000000000000000000e-01 5.000000000000000000e-01 4.124074496662717866e+04
1.000000000000000056e-01 1.000000000000000056e-01 1.301225266285458019e+04
2.999999999999999889e-01 2.999999999999999889e-01 2.153611653464238043e+04
2.999999999999999889e-01 2.000000000000000111e-01 2.000756373549410273e+04
1.000000000000000056e-01 0.000000000000000000e+00 1.303007465880630480e+04
5.000000000000000000e-01 4.000000000000000222e-01 3.704086146306950832e+04
5.000000000000000000e-01 0.000000000000000000e+00 3.441573345408984460e+04
1.000000000000000056e-01 4.000000000000000222e-01 1.922824827788322727e+04
1.000000000000000056e-01 5.000000000000000000e-01 2.453929985745007070e+04
5.000000000000000000e-01 1.000000000000000056e-01 3.371912897477891966e+04
5.000000000000000000e-01 2.999999999999999889e-01 3.452269308353190718e+04
2.999999999999999889e-01 5.000000000000000000e-01 2.935715294432462542e+04
2.999999999999999889e-01 4.000000000000000222e-01 2.460626068001906606e+04
5.000000000000000000e-01 2.000000000000000111e-01 3.353034811706250184e+04
2.000000000000000111e-01 2.999999999999999889e-01 1.772800309317055871e+04
0.000000000000000000e+00 1.000000000000000056e-01 1.221811213497448080e+04
4.000000000000000222e-01 5.000000000000000000e-01 3.440132867765123956e+04
4.000000000000000222e-01 4.000000000000000222e-01 2.992524714424624472e+04
0.000000000000000000e+00 0.000000000000000000e+00 1.220485806389573008e+04
2.000000000000000111e-01 2.000000000000000111e-01 1.596202267172792745e+04
2.000000000000000111e-01 0.000000000000000000e+00 1.554610206360672419e+04
0.000000000000000000e+00 2.000000000000000111e-01 1.304860226559537477e+04
0.000000000000000000e+00 2.999999999999999889e-01 1.530561562382340708e+04
2.000000000000000111e-01 1.000000000000000056e-01 1.548946795991989711e+04
2.000000000000000111e-01 5.000000000000000000e-01 2.606650749677827116e+04
4.000000000000000222e-01 2.999999999999999889e-01 2.711454085090387889e+04
4.000000000000000222e-01 2.000000000000000111e-01 2.582482930991971443e+04
2.000000000000000111e-01 4.000000000000000222e-01 2.104800348792122168e+04
0.000000000000000000e+00 4.000000000000000222e-01 1.918714244110789514e+04
4.000000000000000222e-01 0.000000000000000000e+00 2.607931822918759644e+04
4.000000000000000222e-01 1.000000000000000056e-01 2.572459043166572155e+04
0.000000000000000000e+00 5.000000000000000000e-01 2.483713040122808525e+04
