-4.000000000000000222e-01 -2.000000000000000111e-01 1.222506289555614785e+04
-1.399999999999999911e+00 2.000000000000000111e-01 1.245958028464139352e+04
-1.199999999999999956e+00 4.000000000000000222e-01 1.245766492982727323e+04
-8.000000000000000444e-01 -2.000000000000000111e-01 1.221508382445666575e+04
-1.000000000000000000e+00 5.999999999999999778e-01 1.255402174134091729e+04
-5.999999999999999778e-01 -5.999999999999999778e-01 1.247854596274023788e+04
4.000000000000000222e-01 -4.000000000000000222e-01 1.232009956738893197e+04
1.399999999999999911e+00 4.000000000000000222e-01 1.248885863524684646e+04
1.199999999999999956e+00 2.000000000000000111e-01 1.230522665163891725e+04
1.000000000000000000e+00 0.000000000000000000e+00 1.221811213497448080e+04
8.000000000000000444e-01 -4.000000000000000222e-01 1.232838780618605961e+04
1.399999999999999911e+00 -2.000000000000000111e-01 1.245958028464139352e+04
8.000000000000000444e-01 -5.999999999999999778e-01 1.250206376350836035e+04
1.000000000000000000e+00 2.000000000000000111e-01 1.224251529627272612e+04
1.199999999999999956e+00 0.000000000000000000e+00 1.228750956455935011e+04
1.399999999999999911e+00 5.999999999999999778e-01 1.263508402644025409e+04
-5.999999999999999778e-01 -4.000000000000000222e-01 1.231275572778875357e+04
4.000000000000000222e-01 -5.999999999999999778e-01 1.248505601831983040e+04
-1.000000000000000000e+00 4.000000000000000222e-01 1.237330635571304447e+04
-1.199999999999999956e+00 5.999999999999999778e-01 1.264670674282803702e+04
-1.399999999999999911e+00 0.000000000000000000e+00 1.240067242411628467e+04
5.999999999999999778e-01 -2.000000000000000111e-01 1.221365306952458923e+04
-4.000000000000000222e-01 -4.000000000000000222e-01 1.232554209852560234e+04
5.999999999999999778e-01 -5.999999999999999778e-01 1.248260777914841492e+04
-1.399999999999999911e+00 4.000000000000000222e-01 1.258789523163144986e+04
-1.199999999999999956e+00 2.000000000000000111e-01 1.233813928213691906e+04
-1.000000000000000000e+00 0.000000000000000000e+00 1.221811213497448080e+04
-8.000000000000000444e-01 -4.000000000000000222e-01 1.231166011059470657e+04
4.000000000000000222e-01 -2.000000000000000111e-01 1.222207628522046252e+04
1.399999999999999911e+00 2.000000000000000111e-01 1.241059530973846995e+04
1.199999999999999956e+00 4.000000000000000222e-01 1.239083908413207064e+04
8.000000000000000444e-01 -2.000000000000000111e-01 1.222303275551751176e+04
1.000000000000000000e+00 5.999999999999999778e-01 1.249330826328893636e+04
1.399999999999999911e+00 -5.999999999999999778e-01 1.278625286351826799e+04
1.399999999999999911e+00 -4.000000000000000222e-01 1.258789523163144986e+04
1.000000000000000000e+00 4.000000000000000222e-01 1.233433973784675982e+04
1.199999999999999956e+00 5.999999999999999778e-01 1.254401545537942548e+04
1.399999999999999911e+00 0.000000000000000000e+00 1.240067242411628467e+04
-5.999999999999999778e-01 -2.000000000000000111e-01 1.221322904461532744e+04
-8.000000000000000444e-01 -5.999999999999999778e-01 1.247493845874018734e+04
-1.000000000000000000e+00 2.000000000000000111e-01 1.226153694040154005e+04
-1.199999999999999956e+00 0.000000000000000000e+00 1.228750956455935011e+04
-1.399999999999999911e+00 5.999999999999999778e-01 1.278625286351826799e+04
-4.000000000000000222e-01 -5.999999999999999778e-01 1.249192052537266318e+04
5.999999999999999778e-01 -4.000000000000000222e-01 1.231431004691135968e+04
1.000000000000000000e+00 -5.999999999999999778e-01 1.255402174134091729e+04
0.000000000000000000e+00 -2.000000000000000111e-01 1.223773601739938385e+04
-5.999999999999999778e-01 0.000000000000000000e+00 1.218010001215473676e+04
4.000000000000000222e-01 4.000000000000000222e-01 1.232554209852560234e+04
-4.000000000000000222e-01 2.000000000000000111e-01 1.222207628522046252e+04
5.999999999999999778e-01 5.999999999999999778e-01 1.247854596274023788e+04
1.199999999999999956e+00 -2.000000000000000111e-01 1.233813928213691906e+04
-2.000000000000000111e-01 4.000000000000000222e-01 1.233316554875344809e+04
2.000000000000000111e-01 -5.999999999999999778e-01 1.249698863285909647e+04
0.000000000000000000e+00 0.000000000000000000e+00 1.220485806389573008e+04
2.000000000000000111e-01 2.000000000000000111e-01 1.223347535698559477e+04
2.000000000000000111e-01 0.000000000000000000e+00 1.219913636107594903e+04
0.000000000000000000e+00 2.000000000000000111e-01 1.223773601739938385e+04
2.000000000000000111e-01 -4.000000000000000222e-01 1.233316554875344809e+04
-2.000000000000000111e-01 5.999999999999999778e-01 1.249698863285909647e+04
5.999999999999999778e-01 4.000000000000000222e-01 1.231275572778875357e+04
-4.000000000000000222e-01 0.000000000000000000e+00 1.219051122876255977e+04
4.000000000000000222e-01 5.999999999999999778e-01 1.249192052537266318e+04
-5.999999999999999778e-01 2.000000000000000111e-01 1.221365306952458923e+04
-2.000000000000000111e-01 -2.000000000000000111e-01 1.223347535698559477e+04
1.000000000000000000e+00 -4.000000000000000222e-01 1.237330635571304447e+04
-2.000000000000000111e-01 -5.999999999999999778e-01 1.249976301125539612e+04
0.000000000000000000e+00 -4.000000000000000222e-01 1.233643396448949352e+04
-5.999999999999999778e-01 5.999999999999999778e-01 1.248260777914841492e+04
4.000000000000000222e-01 2.000000000000000111e-01 1.222506289555614785e+04
-4.000000000000000222e-01 4.000000000000000222e-01 1.232009956738893197e+04
1.199999999999999956e+00 -4.000000000000000222e-01 1.245766492982727323e+04
5.999999999999999778e-01 0.000000000000000000e+00 1.218010001215473676e+04
-2.000000000000000111e-01 2.000000000000000111e-01 1.223562642754741501e+04
0.000000000000000000e+00 5.999999999999999778e-01 1.250152627020825457e+04
2.000000000000000111e-01 4.000000000000000222e-01 1.233366243923282127e+04
2.000000000000000111e-01 5.999999999999999778e-01 1.249976301125539612e+04
0.000000000000000000e+00 4.000000000000000222e-01 1.233643396448949352e+04
2.000000000000000111e-01 -2.000000000000000111e-01 1.223562642754741501e+04
-2.000000000000000111e-01 0.000000000000000000e+00 1.219913636107594903e+04
5.999999999999999778e-01 2.000000000000000111e-01 1.221322904461532744e+04
1.199999999999999956e+00 -5.999999999999999778e-01 1.264670674282803702e+04
-4.000000000000000222e-01 5.999999999999999778e-01 1.248505601831983040e+04
4.000000000000000222e-01 0.000000000000000000e+00 1.219051122876255977e+04
-5.999999999999999778e-01 4.000000000000000222e-01 1.231431004691135968e+04
-2.000000000000000111e-01 -4.000000000000000222e-01 1.233366243923282127e+04
0.000000000000000000e+00 -5.999999999999999778e-01 1.250152627020825457e+04
1.000000000000000000e+00 -2.000000000000000111e-01 1.226153694040154005e+04
-8.000000000000000444e-01 5.999999999999999778e-01 1.250206376350836035e+04
8.000000000000000444e-01 0.000000000000000000e+00 1.218542380754091573e+04
-1.399999999999999911e+00 -4.000000000000000222e-01 1.248885863524684646e+04
-1.399999999999999911e+00 -5.999999999999999778e-01 1.263508402644025409e+04
8.000000000000000444e-01 2.000000000000000111e-01 1.221508382445666575e+04
-8.000000000000000444e-01 4.000000000000000222e-01 1.232838780618605961e+04
-8.000000000000000444e-01 0.000000000000000000e+00 1.218542380754091573e+04
8.000000000000000444e-01 5.999999999999999778e-01 1.247493845874018734e+04
-1.399999999999999911e+00 -2.000000000000000111e-01 1.241059530973846995e+04
8.000000000000000444e-01 4.000000000000000222e-01 1.231166011059470657e+04
-8.000000000000000444e-01 2.000000000000000111e-01 1.222303275551751176e+04
-1.000000000000000000e+00 -2.000000000000000111e-01 1.224251529627272612e+04
-1.199999999999999956e+00 -5.999999999999999778e-01 1.254401545537942548e+04
-1.199999999999999956e+00 -4.000000000000000222e-01 1.239083886465979231e+04
-1.000000000000000000e+00 -4.000000000000000222e-01 1.233433973784675982e+04
-1.199999999999999956e+00 -2.000000000000000111e-01 1.230522665163891725e+04
-1.000000000000000000e+00 -5.999999999999999778e-01 1.249330826328893636e+04
