-4.000000000000000222e-01 -2.000000000000000111e-01 1.521620671970190233e+04
-5.999999999999999778e-01 -5.999999999999999778e-01 4.046805544720675971e+04
4.000000000000000222e-01 -4.000000000000000222e-01 1.932936154295358574e+04
-5.999999999999999778e-01 -4.000000000000000222e-01 2.532730080287484088e+04
4.000000000000000222e-01 -5.999999999999999778e-01 3.129557587583218992e+04
5.999999999999999778e-01 -2.000000000000000111e-01 1.597567113868381421e+04
-4.000000000000000222e-01 -4.000000000000000222e-01 2.238651081673268345e+04
5.999999999999999778e-01 -5.999999999999999778e-01 3.198266898441048397e+04
4.000000000000000222e-01 -2.000000000000000111e-01 1.416418617051645924e+04
-5.999999999999999778e-01 -2.000000000000000111e-01 1.762303124516816388e+04
-4.000000000000000222e-01 -5.999999999999999778e-01 3.687207298562679352e+04
5.999999999999999778e-01 -4.000000000000000222e-01 2.065238845033434336e+04
0.000000000000000000e+00 -2.000000000000000111e-01 1.304860226559537477e+04
-5.999999999999999778e-01 0.000000000000000000e+00 1.579942074430726825e+04
4.000000000000000222e-01 4.000000000000000222e-01 2.238651081673268345e+04
-4.000000000000000222e-01 2.000000000000000111e-01 1.416418617051645924e+04
5.999999999999999778e-01 5.999999999999999778e-01 4.046805544720675971e+04
-2.000000000000000111e-01 4.000000000000000222e-01 1.885020547414976318e+04
2.000000000000000111e-01 -5.999999999999999778e-01 3.144287361993351442e+04
0.000000000000000000e+00 0.000000000000000000e+00 1.220485806389573008e+04
2.000000000000000111e-01 2.000000000000000111e-01 1.371416096534973440e+04
2.000000000000000111e-01 0.000000000000000000e+00 1.260014586487137603e+04
0.000000000000000000e+00 2.000000000000000111e-01 1.304860226559537477e+04
2.000000000000000111e-01 -4.000000000000000222e-01 1.885020547414976318e+04
-2.000000000000000111e-01 5.999999999999999778e-01 3.144287361993351442e+04
5.999999999999999778e-01 4.000000000000000222e-01 2.532730080287484088e+04
-4.000000000000000222e-01 0.000000000000000000e+00 1.377597423064391478e+04
4.000000000000000222e-01 5.999999999999999778e-01 3.687207298562679352e+04
-5.999999999999999778e-01 2.000000000000000111e-01 1.597567113868381421e+04
-2.000000000000000111e-01 -2.000000000000000111e-01 1.371416096534973440e+04
-2.000000000000000111e-01 -5.999999999999999778e-01 3.420069882523209526e+04
0.000000000000000000e+00 -4.000000000000000222e-01 1.918714244110789514e+04
-5.999999999999999778e-01 5.999999999999999778e-01 3.198266898441048397e+04
4.000000000000000222e-01 2.000000000000000111e-01 1.521620671970190233e+04
-4.000000000000000222e-01 4.000000000000000222e-01 1.932936154295358574e+04
5.999999999999999778e-01 0.000000000000000000e+00 1.579942074430726825e+04
-2.000000000000000111e-01 2.000000000000000111e-01 1.319742009076951399e+04
0.000000000000000000e+00 5.999999999999999778e-01 3.240661885129498114e+04
2.000000000000000111e-01 4.000000000000000222e-01 2.035217090077453031e+04
2.000000000000000111e-01 5.999999999999999778e-01 3.420069882523209526e+04
0.000000000000000000e+00 4.000000000000000222e-01 1.918714244110789514e+04
2.000000000000000111e-01 -2.000000000000000111e-01 1.319742009076951399e+04
-2.000000000000000111e-01 0.000000000000000000e+00 1.260014586487137603e+04
5.999999999999999778e-01 2.000000000000000111e-01 1.762303124516816388e+04
-4.000000000000000222e-01 5.999999999999999778e-01 3.129557587583218992e+04
4.000000000000000222e-01 0.000000000000000000e+00 1.377597423064391478e+04
-5.999999999999999778e-01 4.000000000000000222e-01 2.065238845033434336e+04
-2.000000000000000111e-01 -4.000000000000000222e-01 2.035217090077453031e+04
0.000000000000000000e+00 -5.999999999999999778e-01 3.240661885129498114e+04
