1    53.67       0.10
2    105.62       -0.01
3    186.23       -0.09
4    223.82       0.02
5    232.07       -0.02
6    278.16       -0.04
8    368.23       0.01
9    376.90       0.02
10    421.66       0.05
13    507.71       -0.04
14    550.82       -0.04
15    567.09       -0.01
16    611.12       -0.01
17    667.46       -0.01
18    695.60       -0.02
22    792.05       0.01
23    816.59       -0.02
24    874.33       -0.05
27    907.72       0.02
30    1001.53       -0.02
31    1016.45       0.03
32    1019.49       -0.02
33    1032.97       0.03
36    1106.78       -0.02
37    1149.10       -0.02
39    1182.23       -0.01
40    1192.65       0.01
41    1205.57       0.02
42    1225.73       0.03
43    1253.56       0.03
44    1287.06       0.03
46    1332.18       0.01
47    1345.86       -0.01
49    1379.57       0.02
55    1547.89       -0.01
56    1576.36       0.01
60    2977.17       -0.10
62    3205.88       0.01
64    3214.17       0.01
67    3230.89       -0.02
69    3249.55       -0.01
