C    3.7070400    -0.7194410    0.0000000
C    2.4810100    -1.4112010    0.0000000
C    1.2485200    -0.7309710    0.0000000
C    1.2720300    0.6791190    0.0000000
C    2.5096500    1.3652190    0.0000000
C    3.7228100    0.6728690    0.0000000
C    0.0000000    -1.4336910    0.0000000
C    0.0000000    1.4616890    0.0000000
C    -1.2720300    0.6791190    0.0000000
C    -1.2485200    -0.7309710    0.0000000
C    -2.4810100    -1.4112010    0.0000000
H    -2.4869400    -2.4962210    0.0000000
C    -3.7070400    -0.7194410    0.0000000
C    -3.7228100    0.6728690    0.0000000
C    -2.5096500    1.3652190    0.0000000
H    0.0000000    -2.5162910    0.0000000
H    4.6347100    -1.2797610    0.0000000
H    2.4869400    -2.4962210    0.0000000
H    2.5103200    2.4508490    0.0000000
H    4.6606600    1.2148890    0.0000000
H    0.0000000    2.1508390    0.8627900
H    -4.6347100    -1.2797610    0.0000000
H    -4.6606600    1.2148890    0.0000000
H    -2.5103200    2.4508490    0.0000000
H    0.0000000    2.1508390    -0.8627900
