C    3.7183000    -0.6950300    0.0000000
C    2.4557900    -1.3862800    0.0000000
C    1.2338300    -0.7129400    0.0000000
C    1.2655200    0.6680100    0.0000000
C    2.5395700    1.3678600    0.0000000
C    3.7518000    0.6872200    0.0000000
C    -0.0600400    -1.4351500    0.0000000
C    0.0106100    1.4769100    0.0000000
C    -1.2803400    0.6946600    0.0000000
C    -1.2628300    -0.7460500    0.0000000
C    -2.5156300    -1.4388500    0.0000000
H    -2.5096700    -2.5236700    0.0000000
C    -3.7059200    -0.7486100    0.0000000
C    -3.7036200    0.6563200    0.0000000
C    -2.4941200    1.3598800    0.0000000
H    -0.0480800    -2.5181000    0.0000000
H    4.6317900    -1.2780800    0.0000000
H    2.4713900    -2.4720300    0.0000000
H    2.5263300    2.4530400    0.0000000
H    4.6902700    1.2271700    0.0000000
H    0.0431700    2.1572100    0.8658300
H    -4.6465400    -1.2872200    0.0000000
H    -4.6411700    1.1996500    0.0000000
H    -2.5135600    2.4455800    0.0000000
H    0.0431700    2.1572100    -0.8658300
