C    3.6551260    -0.7604720    -0.0002080
C    2.4483240    -1.4341620    0.0000930
C    1.2346910    -0.7292570    0.0002060
C    1.2673150    0.7146140    0.0001270
C    2.4966640    1.3698770    -0.0002670
C    3.6794500    0.6566890    -0.0003840
C    0.0000000    -1.4193990    0.0003140
C    0.0000000    1.5337290    0.0005880
C    -1.2673150    0.7146140    0.0001280
C    -1.2346910    -0.7292570    0.0002000
C    -2.4483240    -1.4341620    0.0000820
H    -2.4264410    -2.5182380    0.0001660
C    -3.6551260    -0.7604720    -0.0002190
C    -3.6794500    0.6566890    -0.0003900
C    -2.4966640    1.3698770    -0.0002660
H    0.0000000    -2.5039130    0.0003650
H    4.5877660    -1.3121820    -0.0003510
H    2.4264410    -2.5182380    0.0001810
H    2.5166150    2.4548780    -0.0003700
H    4.6307910    1.1758390    -0.0005870
H    0.0000000    2.2044750    0.8718660
H    -4.5877660    -1.3121820    -0.0003670
H    -4.6307910    1.1758390    -0.0005910
H    -2.5166150    2.4548780    -0.0003630
H    0.0000000    2.2054010    -0.8699720
