C    -3.6889860    -0.7152550    -0.0000090
C    -2.4664760    -1.4089590    -0.0000040
C    -1.2390750    -0.7318130    0.0000070
C    -1.2644400    0.6774500    0.0000080
C    -2.4963720    1.3618570    0.0000030
C    -3.7071490    0.6728890    -0.0000060
C    -0.0000000    -1.4302670    0.0000130
C    -0.0000000    1.4561860    0.0000170
C    1.2644400    0.6774500    0.0000010
C    1.2390750    -0.7318130    0.0000060
C    2.4664760    -1.4089590    0.0000020
H    2.4697950    -2.4943910    0.0000070
C    3.6889860    -0.7152550    -0.0000090
C    3.7071490    0.6728890    -0.0000180
C    2.4963720    1.3618570    -0.0000130
H    -0.0000000    -2.5140650    0.0000160
H    -4.6162960    -1.2758520    -0.0000150
H    -2.4697950    -2.4943910    -0.0000100
H    -2.4909890    2.4478500    0.0000090
H    -4.6445670    1.2139380    -0.0000090
H    0.0000020    2.1506810    0.8616570
H    4.6162960    -1.2758520    -0.0000120
H    4.6445670    1.2139380    -0.0000290
H    2.4909890    2.4478500    -0.0000180
H    -0.0000020    2.1507290    -0.8615820
