C    3.6517300    0.7868500    -0.0000100
C    2.4424700    1.4353500    -0.0000100
C    1.2397400    0.6879800    0.0000000
C    1.2733000    -0.7307400    0.0000100
C    2.5060300    -1.3641100    0.0000100
C    3.6762500    -0.6150700    0.0000000
C    -0.0000000    1.3427500    0.0000100
C    -0.0000000    -1.5149900    0.0000200
C    -1.2733000    -0.7307400    0.0000000
C    -1.2397400    0.6879800    0.0000200
C    -2.4424700    1.4353500    0.0000100
H    -2.3895400    2.5190000    0.0000200
C    -3.6517300    0.7868500    -0.0000100
C    -3.6762500    -0.6150700    -0.0000300
C    -2.5060300    -1.3641100    -0.0000200
H    -0.0000000    2.4322000    0.0000100
H    4.5786900    1.3459400    -0.0000200
H    2.3895400    2.5190000    -0.0000200
H    2.5576200    -2.4476000    0.0000200
H    4.6317100    -1.1287000    0.0000000
H    -0.0000000    -2.1895300    0.8680800
H    -4.5786900    1.3459400    -0.0000100
H    -4.6317100    -1.1287000    -0.0000500
H    -2.5576200    -2.4476000    -0.0000400
H    -0.0000000    -2.1895900    -0.8679800
