C    -3.6443310    0.7103100    -0.2054470
C    -2.4133120    1.4149660    0.0154000
C    -1.2093650    0.7532000    0.1247800
C    -1.2500380    -0.6602060    0.1165730
C    -2.4747200    -1.3543300    -0.1643000
C    -3.6725560    -0.6769100    -0.2962140
C    0.0538830    1.4392110    0.2511910
C    -0.0338980    -1.4172540    0.5109060
C    1.2445210    -0.6927050    0.1516330
C    1.2566150    0.7305130    0.1538420
C    2.4964800    1.4002600    -0.0239670
H    2.5088810    2.4846580    -0.0106700
C    3.6488100    0.6859990    -0.2463010
C    3.6064770    -0.7122380    -0.2963720
C    2.4066390    -1.3937550    -0.0981290
H    0.0582540    2.5227990    0.2822650
H    -4.5533310    1.2879220    -0.3349580
H    -2.4450920    2.4970510    0.0955180
H    -2.4392490    -2.4358030    -0.2512420
H    -4.5959030    -1.2049050    -0.4924140
H    -0.0683230    -1.5286030    1.6106870
H    4.5897720    1.2019460    -0.3923920
H    4.5170650    -1.2736670    -0.4697710
H    2.3946100    -2.4783250    -0.1095090
H    -0.0579140    -2.4354440    0.1109080
