0.000000000000000000e+00 2.999999999999999889e-01 1.900878333476849730e+04
2.000000000000000111e-01 1.000000000000000056e-01 1.410294529498901102e+04
2.000000000000000111e-01 0.000000000000000000e+00 1.327472957967313960e+04
0.000000000000000000e+00 2.000000000000000111e-01 1.530935371522671994e+04
4.000000000000000222e-01 4.000000000000000222e-01 2.822069173754427175e+04
0.000000000000000000e+00 0.000000000000000000e+00 1.220464275931948760e+04
2.000000000000000111e-01 2.000000000000000111e-01 1.634622941961415017e+04
2.000000000000000111e-01 2.999999999999999889e-01 2.003157315935700171e+04
0.000000000000000000e+00 1.000000000000000056e-01 1.305063460038175253e+04
4.000000000000000222e-01 5.000000000000000000e-01 3.479366388684375852e+04
4.000000000000000222e-01 1.000000000000000056e-01 1.727912947122785044e+04
0.000000000000000000e+00 5.000000000000000000e-01 3.079226948044033998e+04
0.000000000000000000e+00 4.000000000000000222e-01 2.416817072305895636e+04
4.000000000000000222e-01 0.000000000000000000e+00 1.650524600998444657e+04
4.000000000000000222e-01 2.000000000000000111e-01 1.947358488685948396e+04
2.000000000000000111e-01 4.000000000000000222e-01 2.517756162331760788e+04
2.000000000000000111e-01 5.000000000000000000e-01 3.178823753364121148e+04
4.000000000000000222e-01 2.999999999999999889e-01 2.311467640195058266e+04
2.999999999999999889e-01 2.000000000000000111e-01 1.764630060067164959e+04
1.000000000000000056e-01 0.000000000000000000e+00 1.247179799669015483e+04
5.000000000000000000e-01 4.000000000000000222e-01 3.051992191297587124e+04
5.000000000000000000e-01 5.000000000000000000e-01 3.706525628434630198e+04
1.000000000000000056e-01 1.000000000000000056e-01 1.331333472285345124e+04
2.999999999999999889e-01 2.999999999999999889e-01 2.131325522210559211e+04
2.999999999999999889e-01 1.000000000000000056e-01 1.542315634323866834e+04
1.000000000000000056e-01 2.999999999999999889e-01 1.926429237196801841e+04
1.000000000000000056e-01 2.000000000000000111e-01 1.556828282510394274e+04
2.999999999999999889e-01 0.000000000000000000e+00 1.461729345748322703e+04
2.999999999999999889e-01 4.000000000000000222e-01 2.644253464581816661e+04
5.000000000000000000e-01 2.000000000000000111e-01 2.183550403126025412e+04
5.000000000000000000e-01 2.999999999999999889e-01 2.544352269939301186e+04
2.999999999999999889e-01 5.000000000000000000e-01 3.303731379138147895e+04
1.000000000000000056e-01 5.000000000000000000e-01 3.104084948503837222e+04
5.000000000000000000e-01 1.000000000000000056e-01 1.967838585405444974e+04
5.000000000000000000e-01 0.000000000000000000e+00 1.894677715132004232e+04
1.000000000000000056e-01 4.000000000000000222e-01 2.442030072932111943e+04
