2    59.18       0.01
3    106.80       0.06
4    199.19       0.01
5    222.00       0.04
6    234.45       -0.09
8    378.07       0.02
11    417.03       0.04
12    473.34       -0.02
17    668.19       0.03
18    668.78       -0.03
20    756.33       -0.15
21    760.89       0.02
25    870.99       0.01
27    903.04       0.02
30    989.79       0.02
32    1020.71       -0.02
34    1069.98       0.10
37    1142.81       -0.04
38    1147.04       -0.03
40    1193.21       0.06
45    1314.10       0.03
47    1339.26       0.02
49    1365.19       -0.06
52    1473.54       0.02
55    1542.15       0.02
57    1622.07       -0.02
59    2965.93       0.05
62    3204.98       0.03
64    3214.02       -0.04
