-5.000000000000000000e-01 1.284794469408984514e+04
-4.000000000000000222e-01 4.197772183187596966e+03
-2.999999999999999889e-01 -2.353491710711430642e+03
-2.000000000000000111e-01 -6.947633648393277326e+03
-1.000000000000000056e-01 -9.665304553193695028e+03
0.000000000000000000e+00 -1.056311280810426797e+04
1.000000000000000056e-01 -9.665304553193695028e+03
2.000000000000000111e-01 -6.947633648393277326e+03
2.999999999999999889e-01 -2.353491710711430642e+03
4.000000000000000222e-01 4.197772183187596966e+03
5.000000000000000000e-01 1.284794469408984514e+04
