-5.000000000000000000e-01 3.441573345408984460e+04
-4.000000000000000222e-01 2.607931822918759644e+04
-2.999999999999999889e-01 1.985310365728856777e+04
-2.000000000000000111e-01 1.554610206360672419e+04
-1.000000000000000056e-01 1.303007465880630480e+04
0.000000000000000000e+00 1.220485806389573008e+04
1.000000000000000056e-01 1.303007465880630480e+04
2.000000000000000111e-01 1.554610206360672419e+04
2.999999999999999889e-01 1.985310365728856777e+04
4.000000000000000222e-01 2.607931822918759644e+04
5.000000000000000000e-01 3.441573345408984460e+04
