0.000000000000000000e+00 2.999999999999999889e-01 1.900878333476849730e+04
2.000000000000000111e-01 1.000000000000000056e-01 1.362160633179359684e+04
2.000000000000000111e-01 0.000000000000000000e+00 1.280079151944431942e+04
0.000000000000000000e+00 2.000000000000000111e-01 1.530935371522671994e+04
4.000000000000000222e-01 4.000000000000000222e-01 2.610326883385594556e+04
0.000000000000000000e+00 0.000000000000000000e+00 1.220464275931948760e+04
2.000000000000000111e-01 2.000000000000000111e-01 1.585432034020919855e+04
2.000000000000000111e-01 2.999999999999999889e-01 1.952622696704643386e+04
0.000000000000000000e+00 1.000000000000000056e-01 1.305063460038175253e+04
4.000000000000000222e-01 1.000000000000000056e-01 1.533761809314929815e+04
0.000000000000000000e+00 4.000000000000000222e-01 2.416817072305895636e+04
4.000000000000000222e-01 0.000000000000000000e+00 1.459700500598627332e+04
4.000000000000000222e-01 2.000000000000000111e-01 1.748666882301604710e+04
2.000000000000000111e-01 4.000000000000000222e-01 2.465571796428155722e+04
4.000000000000000222e-01 2.999999999999999889e-01 2.106978634198484360e+04
2.999999999999999889e-01 2.000000000000000111e-01 1.653338243422101368e+04
1.000000000000000056e-01 0.000000000000000000e+00 1.235354969116208849e+04
1.000000000000000056e-01 1.000000000000000056e-01 1.319391530086892999e+04
2.999999999999999889e-01 2.999999999999999889e-01 2.016848843801845942e+04
2.999999999999999889e-01 1.000000000000000056e-01 1.433535133841910283e+04
1.000000000000000056e-01 2.999999999999999889e-01 1.914024071908404949e+04
1.000000000000000056e-01 2.000000000000000111e-01 1.544687211007338374e+04
2.999999999999999889e-01 0.000000000000000000e+00 1.354785957407103524e+04
2.999999999999999889e-01 4.000000000000000222e-01 2.525810770415246225e+04
1.000000000000000056e-01 4.000000000000000222e-01 2.429302192191372160e+04
