-2.000000000000000000e+00 -7.497257236404624564e+03
-1.800000000000000044e+00 -8.082599859426369221e+03
-1.600000000000000089e+00 -8.604906041620673932e+03
-1.399999999999999911e+00 -9.064681437883715262e+03
-1.199999999999999956e+00 -9.461758345440648554e+03
-1.000000000000000000e+00 -9.798131769025518224e+03
-8.000000000000000444e-01 -1.007198572245908508e+04
-5.999999999999999778e-01 -1.028540560984526019e+04
-4.000000000000000222e-01 -1.043711576723743929e+04
-2.000000000000000111e-01 -1.053253868092404991e+04
0.000000000000000000e+00 -1.056311280810426797e+04
2.000000000000000111e-01 -1.053253868092404991e+04
4.000000000000000222e-01 -1.043711576723743929e+04
5.999999999999999778e-01 -1.028540560984526019e+04
8.000000000000000444e-01 -1.007198572245908508e+04
1.000000000000000000e+00 -9.798131769025518224e+03
1.199999999999999956e+00 -9.461758345440648554e+03
1.399999999999999911e+00 -9.064681437883715262e+03
1.600000000000000089e+00 -8.604906041620673932e+03
1.800000000000000044e+00 -8.082599859426369221e+03
2.000000000000000000e+00 -7.497257236404624564e+03
