-2.000000000000000000e+00 1.304860226559537477e+04
-1.800000000000000044e+00 1.277782350257363214e+04
-1.600000000000000089e+00 1.256282201437932599e+04
-1.399999999999999911e+00 1.240067242411628467e+04
-1.199999999999999956e+00 1.228750956455935011e+04
-1.000000000000000000e+00 1.221811213497448080e+04
-8.000000000000000444e-01 1.218542380754091573e+04
-5.999999999999999778e-01 1.218010001215473676e+04
-4.000000000000000222e-01 1.219051122876255977e+04
-2.000000000000000111e-01 1.219913636107594903e+04
0.000000000000000000e+00 1.220485806389573008e+04
2.000000000000000111e-01 1.219913636107594903e+04
4.000000000000000222e-01 1.219051122876255977e+04
5.999999999999999778e-01 1.218010001215473676e+04
8.000000000000000444e-01 1.218542380754091573e+04
1.000000000000000000e+00 1.221811213497448080e+04
1.199999999999999956e+00 1.228750956455935011e+04
1.399999999999999911e+00 1.240067242411628467e+04
1.600000000000000089e+00 1.256282201437932599e+04
1.800000000000000044e+00 1.277782350257363214e+04
2.000000000000000000e+00 1.304860226559537477e+04
